64 64 4096
0 0 23.682565
0 1 18.434145
0 2 16.803271
0 3 17.852781
0 4 17.651273
0 5 18.521235
0 6 16.412270
0 7 16.340420
0 8 16.474300
0 9 18.108115
0 10 18.378015
0 11 17.119114
0 12 16.100781
0 13 17.119562
0 14 17.115043
0 15 17.188814
0 16 17.801282
0 17 16.338612
0 18 19.762855
0 19 16.625314
0 20 19.772842
0 21 17.315915
0 22 14.584092
0 23 17.204826
0 24 14.659894
0 25 15.773520
0 26 16.339189
0 27 16.911554
0 28 16.215028
0 29 16.887992
0 30 16.198897
0 31 16.404184
0 32 18.311296
0 33 19.444695
0 34 19.467726
0 35 17.475979
0 36 16.289028
0 37 14.966901
0 38 15.434439
0 39 19.308556
0 40 15.176723
0 41 19.592996
0 42 17.259592
0 43 18.578058
0 44 17.113443
0 45 16.710188
0 46 15.222854
0 47 18.283134
0 48 18.638051
0 49 18.474826
0 50 16.966532
0 51 16.432045
0 52 17.611209
0 53 17.013457
0 54 17.543776
0 55 17.704664
0 56 17.001906
0 57 20.696978
0 58 14.945215
0 59 18.936295
0 60 16.501992
0 61 16.380614
0 62 16.831676
0 63 18.887045
1 0 18.434145
1 1 23.062711
1 2 16.313196
1 3 17.370257
1 4 17.527405
1 5 19.074267
1 6 18.344706
1 7 15.146799
1 8 17.024163
1 9 17.039100
1 10 16.971946
1 11 19.545189
1 12 16.188512
1 13 17.144424
1 14 16.967753
1 15 16.811308
1 16 17.227933
1 17 15.050267
1 18 19.002586
1 19 16.541910
1 20 19.361637
1 21 16.937319
1 22 14.963141
1 23 16.620848
1 24 14.695744
1 25 16.056118
1 26 18.270126
1 27 17.397941
1 28 14.976819
1 29 16.923412
1 30 15.853311
1 31 16.521345
1 32 18.150967
1 33 17.708713
1 34 18.272474
1 35 16.299327
1 36 14.749852
1 37 15.740941
1 38 14.114780
1 39 18.259176
1 40 15.485368
1 41 18.796781
1 42 17.006678
1 43 19.547886
1 44 16.820443
1 45 16.047754
1 46 17.920691
1 47 17.852786
1 48 18.134833
1 49 17.147715
1 50 16.521328
1 51 16.733688
1 52 18.122217
1 53 16.729841
1 54 17.125785
1 55 16.078376
1 56 16.456279
1 57 19.050683
1 58 16.201554
1 59 17.384388
1 60 15.589980
1 61 15.745200
1 62 17.569728
1 63 18.907149
2 0 16.803271
2 1 16.313196
2 2 20.069502
2 3 16.542966
2 4 13.816956
2 5 15.921125
2 6 16.022457
2 7 14.466616
2 8 16.540484
2 9 16.889581
2 10 16.881833
2 11 16.138971
2 12 15.687620
2 13 16.394042
2 14 15.228675
2 15 14.372888
2 16 14.998677
2 17 14.539982
2 18 17.991396
2 19 14.941308
2 20 17.049805
2 21 14.419512
2 22 13.211655
2 23 16.520779
2 24 11.942239
2 25 14.778678
2 26 15.574165
2 27 14.553493
2 28 13.734623
2 29 15.939901
2 30 14.208989
2 31 14.561452
2 32 16.071060
2 33 16.258093
2 34 16.780177
2 35 14.440319
2 36 14.849581
2 37 14.823815
2 38 13.627666
2 39 15.865989
2 40 15.162357
2 41 18.532518
2 42 15.883297
2 43 17.008583
2 44 14.750908
2 45 15.334774
2 46 14.452534
2 47 16.876282
2 48 15.696710
2 49 17.180574
2 50 15.452860
2 51 13.945981
2 52 14.805494
2 53 15.306554
2 54 16.638398
2 55 14.679957
2 56 13.645238
2 57 17.708269
2 58 12.903982
2 59 15.319476
2 60 13.725882
2 61 13.993000
2 62 13.983668
2 63 17.564301
3 0 17.852781
3 1 17.370257
3 2 16.542966
3 3 23.393013
3 4 16.499409
3 5 18.075631
3 6 17.479665
3 7 16.118349
3 8 17.062122
3 9 18.966059
3 10 17.673211
3 11 19.120952
3 12 16.642355
3 13 16.885329
3 14 15.965315
3 15 16.984784
3 16 17.602311
3 17 14.424514
3 18 19.023387
3 19 16.986163
3 20 19.773937
3 21 16.254556
3 22 12.845160
3 23 17.828041
3 24 15.642664
3 25 15.528285
3 26 17.598772
3 27 18.240810
3 28 15.353361
3 29 16.437840
3 30 15.821518
3 31 16.644758
3 32 16.887671
3 33 18.151427
3 34 19.078165
3 35 17.665615
3 36 17.413665
3 37 15.340654
3 38 14.409413
3 39 17.916822
3 40 17.180921
3 41 18.719802
3 42 18.327944
3 43 19.225131
3 44 15.529766
3 45 16.297868
3 46 16.865287
3 47 18.120928
3 48 17.708311
3 49 17.093905
3 50 16.851534
3 51 16.357632
3 52 16.408987
3 53 15.857132
3 54 18.060930
3 55 15.811575
3 56 15.083959
3 57 18.605623
3 58 15.193291
3 59 18.163618
3 60 14.789497
3 61 16.326941
3 62 17.379376
3 63 19.724201
4 0 17.651273
4 1 17.527405
4 2 13.816956
4 3 16.499409
4 4 21.820981
4 5 17.493527
4 6 16.892317
4 7 15.082114
4 8 15.892791
4 9 17.367237
4 10 15.038822
4 11 18.628497
4 12 13.723185
4 13 16.554966
4 14 16.335026
4 15 16.579777
4 16 16.171761
4 17 15.955605
4 18 19.017637
4 19 15.159974
4 20 19.859472
4 21 16.988500
4 22 14.263255
4 23 16.500698
4 24 15.012381
4 25 15.720773
4 26 17.025166
4 27 17.378832
4 28 15.565801
4 29 16.801038
4 30 15.378462
4 31 16.186400
4 32 16.992257
4 33 18.350471
4 34 17.104493
4 35 17.177372
4 36 14.565102
4 37 14.484052
4 38 14.359172
4 39 17.407972
4 40 15.258329
4 41 17.362146
4 42 15.328377
4 43 19.225357
4 44 15.847975
4 45 15.895661
4 46 15.913947
4 47 16.493601
4 48 16.873013
4 49 16.393339
4 50 15.790867
4 51 15.462457
4 52 16.674613
4 53 17.205227
4 54 17.549033
4 55 16.892083
4 56 15.799850
4 57 17.778480
4 58 13.566770
4 59 16.878278
4 60 16.043003
4 61 17.542643
4 62 16.513944
4 63 18.032185
5 0 18.521235
5 1 19.074267
5 2 15.921125
5 3 18.075631
5 4 17.493527
5 5 23.365427
5 6 15.890938
5 7 15.816409
5 8 16.447339
5 9 18.357392
5 10 18.107248
5 11 17.624612
5 12 16.885505
5 13 17.095484
5 14 16.534295
5 15 16.726601
5 16 17.705911
5 17 16.518044
5 18 19.579133
5 19 17.173918
5 20 20.686214
5 21 17.273410
5 22 14.638002
5 23 17.641122
5 24 15.451515
5 25 15.112219
5 26 17.448146
5 27 16.192912
5 28 15.295413
5 29 16.204679
5 30 15.835797
5 31 16.370445
5 32 16.792581
5 33 17.978956
5 34 18.479881
5 35 16.671252
5 36 14.922714
5 37 15.353596
5 38 14.700370
5 39 16.299952
5 40 16.162485
5 41 19.047076
5 42 16.861139
5 43 19.295892
5 44 17.578945
5 45 16.798731
5 46 16.735647
5 47 16.748372
5 48 18.016121
5 49 18.220530
5 50 16.054572
5 51 17.071506
5 52 17.853195
5 53 16.798444
5 54 17.908630
5 55 17.232386
5 56 16.563396
5 57 18.561390
5 58 15.606158
5 59 18.568431
5 60 17.257374
5 61 16.032439
5 62 16.588215
5 63 18.750496
6 0 16.412270
6 1 18.344706
6 2 16.022457
6 3 17.479665
6 4 16.892317
6 5 15.890938
6 6 21.313624
6 7 14.491508
6 8 16.776641
6 9 18.092649
6 10 16.224663
6 11 18.002421
6 12 15.785746
6 13 17.269835
6 14 15.953727
6 15 15.352765
6 16 16.489829
6 17 14.388528
6 18 19.073861
6 19 15.081570
6 20 17.715619
6 21 15.828773
6 22 15.120738
6 23 17.228437
6 24 14.397758
6 25 16.630773
6 26 16.968357
6 27 17.312214
6 28 14.740774
6 29 17.184236
6 30 14.939181
6 31 15.447766
6 32 16.887306
6 33 17.679707
6 34 17.660822
6 35 16.017443
6 36 15.459999
6 37 15.727547
6 38 14.553838
6 39 17.702875
6 40 15.818267
6 41 17.899419
6 42 16.819493
6 43 18.881879
6 44 15.061765
6 45 15.753939
6 46 16.732870
6 47 17.059842
6 48 16.627864
6 49 17.269341
6 50 15.939794
6 51 14.451774
6 52 16.935744
6 53 16.516651
6 54 17.539588
6 55 16.453794
6 56 14.377134
6 57 17.937719
6 58 14.319431
6 59 18.422004
6 60 14.577275
6 61 15.122281
6 62 16.537557
6 63 18.600311
7 0 16.340420
7 1 15.146799
7 2 14.466616
7 3 16.118349
7 4 15.082114
7 5 15.816409
7 6 14.491508
7 7 19.715930
7 8 14.617243
7 9 15.824125
7 10 14.957523
7 11 15.972817
7 12 15.476187
7 13 15.272182
7 14 14.972580
7 15 15.085450
7 16 15.830818
7 17 14.000590
7 18 16.336475
7 19 14.574633
7 20 17.428934
7 21 15.472610
7 22 13.599693
7 23 15.111730
7 24 13.589660
7 25 15.526811
7 26 16.154481
7 27 16.075566
7 28 14.174724
7 29 15.215602
7 30 13.615763
7 31 14.846592
7 32 15.214386
7 33 18.053628
7 34 18.205201
7 35 16.356572
7 36 15.290569
7 37 14.662935
7 38 12.404827
7 39 16.311689
7 40 15.464077
7 41 17.003511
7 42 15.638376
7 43 15.727932
7 44 14.464777
7 45 14.302438
7 46 14.973008
7 47 17.215759
7 48 17.243582
7 49 16.605259
7 50 15.339956
7 51 15.622687
7 52 14.780073
7 53 14.890370
7 54 16.340780
7 55 14.398690
7 56 15.409023
7 57 16.221414
7 58 13.114548
7 59 17.072499
7 60 13.401828
7 61 15.891242
7 62 15.700768
7 63 17.247128
8 0 16.474300
8 1 17.024163
8 2 16.540484
8 3 17.062122
8 4 15.892791
8 5 16.447339
8 6 16.776641
8 7 14.617243
8 8 20.690369
8 9 16.251028
8 10 16.036436
8 11 17.195928
8 12 15.123620
8 13 16.920870
8 14 14.960226
8 15 15.316310
8 16 15.070261
8 17 14.487477
8 18 17.168731
8 19 15.400219
8 20 17.655171
8 21 14.616727
8 22 13.108821
8 23 15.716690
8 24 13.780474
8 25 14.349345
8 26 16.633177
8 27 15.909743
8 28 14.890193
8 29 15.864607
8 30 15.009295
8 31 14.902304
8 32 15.947226
8 33 17.028221
8 34 16.354465
8 35 15.920498
8 36 16.675651
8 37 16.333350
8 38 14.177681
8 39 17.184996
8 40 14.873435
8 41 18.202155
8 42 15.536646
8 43 18.035438
8 44 14.613813
8 45 14.975031
8 46 15.590345
8 47 16.390670
8 48 16.237070
8 49 16.329581
8 50 15.422508
8 51 15.229727
8 52 15.957572
8 53 15.732960
8 54 17.701512
8 55 15.399186
8 56 14.748108
8 57 17.106889
8 58 14.313969
8 59 16.908355
8 60 13.795287
8 61 14.802815
8 62 15.221153
8 63 17.240454
9 0 18.108115
9 1 17.039100
9 2 16.889581
9 3 18.966059
9 4 17.367237
9 5 18.357392
9 6 18.092649
9 7 15.824125
9 8 16.251028
9 9 23.967636
9 10 17.275956
9 11 18.979478
9 12 15.773465
9 13 17.474782
9 14 16.546271
9 15 17.604035
9 16 17.700453
9 17 16.329535
9 18 20.479766
9 19 16.230191
9 20 19.679028
9 21 17.233863
9 22 15.046317
9 23 18.412952
9 24 16.261358
9 25 15.043317
9 26 18.002526
9 27 17.690061
9 28 16.102651
9 29 18.352237
9 30 14.711778
9 31 16.779074
9 32 17.782996
9 33 17.690486
9 34 19.906073
9 35 16.787118
9 36 16.767967
9 37 16.198270
9 38 14.345233
9 39 17.857418
9 40 16.339702
9 41 19.252058
9 42 18.068373
9 43 19.556192
9 44 16.405539
9 45 16.811144
9 46 16.684968
9 47 17.246989
9 48 17.295526
9 49 17.837630
9 50 15.444378
9 51 15.332657
9 52 17.866494
9 53 16.771325
9 54 18.926535
9 55 17.577841
9 56 17.249684
9 57 18.869523
9 58 13.315444
9 59 18.805926
9 60 16.660347
9 61 16.571671
9 62 17.191425
9 63 19.539907
10 0 18.378015
10 1 16.971946
10 2 16.881833
10 3 17.673211
10 4 15.038822
10 5 18.107248
10 6 16.224663
10 7 14.957523
10 8 16.036436
10 9 17.275956
10 10 21.833189
10 11 15.765607
10 12 15.431469
10 13 16.809954
10 14 16.147901
10 15 16.156302
10 16 17.117363
10 17 14.451370
10 18 18.031662
10 19 14.932747
10 20 18.886208
10 21 16.242241
10 22 14.338199
10 23 17.040290
10 24 13.756836
10 25 15.069166
10 26 15.299984
10 27 15.757998
10 28 14.477725
10 29 15.696141
10 30 14.937969
10 31 15.454065
10 32 17.124850
10 33 17.652828
10 34 18.402889
10 35 15.854177
10 36 16.077683
10 37 15.395235
10 38 14.635045
10 39 15.865488
10 40 16.202175
10 41 18.613393
10 42 17.210403
10 43 17.850558
10 44 15.796977
10 45 16.094360
10 46 15.697071
10 47 17.297690
10 48 17.127065
10 49 18.384000
10 50 15.974488
10 51 15.577159
10 52 16.370989
10 53 16.654441
10 54 17.873299
10 55 15.836080
10 56 15.740427
10 57 17.939212
10 58 13.923278
10 59 17.851752
10 60 15.828776
10 61 15.069847
10 62 16.851945
10 63 17.585291
11 0 17.119114
11 1 19.545189
11 2 16.138971
11 3 19.120952
11 4 18.628497
11 5 17.624612
11 6 18.002421
11 7 15.972817
11 8 17.195928
11 9 18.979478
11 10 15.765607
11 11 25.252469
11 12 15.836963
11 13 18.968626
11 14 17.402905
11 15 16.419448
11 16 17.417337
11 17 16.099756
11 18 18.372102
11 19 16.503001
11 20 19.848500
11 21 17.867911
11 22 14.210571
11 23 16.646833
11 24 15.450168
11 25 16.504493
11 26 18.156530
11 27 17.599683
11 28 14.940640
11 29 16.704628
11 30 15.838175
11 31 17.365671
11 32 19.448344
11 33 17.746115
11 34 19.582194
11 35 16.630300
11 36 16.428724
11 37 15.963791
11 38 15.667374
11 39 18.392726
11 40 17.372372
11 41 18.500432
11 42 18.005566
11 43 20.493765
11 44 17.071267
11 45 15.878558
11 46 18.678737
11 47 17.296354
11 48 17.476150
11 49 17.174676
11 50 17.728163
11 51 16.668193
11 52 18.737455
11 53 17.690074
11 54 17.957845
11 55 16.210710
11 56 16.431524
11 57 19.265707
11 58 15.112659
11 59 18.573980
11 60 15.792644
11 61 17.163609
11 62 18.095558
11 63 19.257016
12 0 16.100781
12 1 16.188512
12 2 15.687620
12 3 16.642355
12 4 13.723185
12 5 16.885505
12 6 15.785746
12 7 15.476187
12 8 15.123620
12 9 15.773465
12 10 15.431469
12 11 15.836963
12 12 19.483947
12 13 15.709463
12 14 14.751004
12 15 14.981840
12 16 14.172884
12 17 13.583821
12 18 17.534667
12 19 15.482976
12 20 15.546924
12 21 14.362377
12 22 13.202894
12 23 14.788295
12 24 12.409877
12 25 14.322551
12 26 15.422411
12 27 14.695473
12 28 12.424362
12 29 14.564067
12 30 13.695800
12 31 14.912687
12 32 15.507079
12 33 17.342877
12 34 16.932473
12 35 14.437611
12 36 14.733275
12 37 13.883580
12 38 14.199742
12 39 16.151372
12 40 15.077632
12 41 16.460295
12 42 16.330449
12 43 16.451062
12 44 15.243330
12 45 14.673621
12 46 16.797548
12 47 15.212778
12 48 16.862314
12 49 17.365271
12 50 15.163210
12 51 14.168490
12 52 14.775595
12 53 14.354993
12 54 15.766696
12 55 15.012440
12 56 14.027555
12 57 17.110069
12 58 13.666036
12 59 17.662544
12 60 13.885614
12 61 14.406198
12 62 13.707798
12 63 17.258379
13 0 17.119562
13 1 17.144424
13 2 16.394042
13 3 16.885329
13 4 16.554966
13 5 17.095484
13 6 17.269835
13 7 15.272182
13 8 16.920870
13 9 17.474782
13 10 16.809954
13 11 18.968626
13 12 15.709463
13 13 21.948731
13 14 16.135371
13 15 15.622349
13 16 15.619222
13 17 16.076152
13 18 18.413947
13 19 15.725951
13 20 18.253881
13 21 16.459450
13 22 13.387975
13 23 17.302558
13 24 15.186748
13 25 16.562846
13 26 17.399761
13 27 15.903227
13 28 15.713575
13 29 17.192903
13 30 15.343110
13 31 16.541379
13 32 18.086149
13 33 17.007125
13 34 18.855156
13 35 15.995167
13 36 16.014562
13 37 15.878319
13 38 14.727937
13 39 16.467027
13 40 15.201914
13 41 17.736041
13 42 18.139787
13 43 20.346498
13 44 16.682336
13 45 15.608207
13 46 17.187413
13 47 17.366148
13 48 18.994988
13 49 17.136144
13 50 17.435770
13 51 15.176098
13 52 17.341374
13 53 16.881732
13 54 16.901115
13 55 16.578006
13 56 14.458137
13 57 19.051058
13 58 14.610335
13 59 19.015589
13 60 15.312819
13 61 16.295421
13 62 17.175219
13 63 18.350479
14 0 17.115043
14 1 16.967753
14 2 15.228675
14 3 15.965315
14 4 16.335026
14 5 16.534295
14 6 15.953727
14 7 14.972580
14 8 14.960226
14 9 16.546271
14 10 16.147901
14 11 17.402905
14 12 14.751004
14 13 16.135371
14 14 20.012881
14 15 15.191761
14 16 15.646565
14 17 15.652481
14 18 18.297944
14 19 16.274372
14 20 18.710327
14 21 16.603717
14 22 13.757015
14 23 16.320488
14 24 13.887546
14 25 14.323081
14 26 15.717746
14 27 15.085515
14 28 13.523994
14 29 14.737151
14 30 13.389821
14 31 15.660727
14 32 18.036020
14 33 16.704092
14 34 16.687649
14 35 16.025747
14 36 14.838752
14 37 15.071015
14 38 14.033609
14 39 16.264960
14 40 15.011595
14 41 17.618612
14 42 15.261338
14 43 18.832583
14 44 15.586107
14 45 14.782179
14 46 15.467248
14 47 16.039205
14 48 16.257571
14 49 16.687385
14 50 14.648102
14 51 15.357745
14 52 15.475285
14 53 15.493437
14 54 15.975450
14 55 14.753389
14 56 15.036769
14 57 16.416833
14 58 13.125192
14 59 16.258150
14 60 14.788558
14 61 16.328556
14 62 15.696351
14 63 17.036171
15 0 17.188814
15 1 16.811308
15 2 14.372888
15 3 16.984784
15 4 16.579777
15 5 16.726601
15 6 15.352765
15 7 15.085450
15 8 15.316310
15 9 17.604035
15 10 16.156302
15 11 16.419448
15 12 14.981840
15 13 15.622349
15 14 15.191761
15 15 22.176663
15 16 17.180619
15 17 14.585367
15 18 19.282745
15 19 16.705713
15 20 18.743568
15 21 15.469961
15 22 15.452845
15 23 15.621054
15 24 14.334384
15 25 14.280987
15 26 16.224953
15 27 16.939044
15 28 16.079643
15 29 17.100677
15 30 13.177819
15 31 16.059864
15 32 17.054778
15 33 18.726159
15 34 16.953180
15 35 17.190159
15 36 15.497501
15 37 14.166850
15 38 13.973584
15 39 16.072544
15 40 15.670624
15 41 18.682585
15 42 15.196449
15 43 18.247431
15 44 14.981499
15 45 15.511691
15 46 15.641489
15 47 16.279724
15 48 18.372472
15 49 16.317338
15 50 16.660827
15 51 16.790941
15 52 16.010923
15 53 17.183335
15 54 16.814940
15 55 14.881370
15 56 15.654957
15 57 17.550718
15 58 14.617952
15 59 17.618102
15 60 16.509026
15 61 16.406196
15 62 15.764887
15 63 18.333747
16 0 17.801282
16 1 17.227933
16 2 14.998677
16 3 17.602311
16 4 16.171761
16 5 17.705911
16 6 16.489829
16 7 15.830818
16 8 15.070261
16 9 17.700453
16 10 17.117363
16 11 17.417337
16 12 14.172884
16 13 15.619222
16 14 15.646565
16 15 17.180619
16 16 22.025998
16 17 14.260177
16 18 17.960246
16 19 14.669955
16 20 20.432358
16 21 16.389189
16 22 14.797564
16 23 17.692043
16 24 15.014786
16 25 16.382823
16 26 15.435466
16 27 16.138374
16 28 14.791872
16 29 16.381582
16 30 14.376520
16 31 14.462339
16 32 16.444467
16 33 16.578556
16 34 16.952422
16 35 17.079873
16 36 15.254513
16 37 14.588553
16 38 13.806900
16 39 16.823490
16 40 16.141701
16 41 17.748106
16 42 16.583174
16 43 18.224527
16 44 15.588337
16 45 15.885221
16 46 14.306205
16 47 18.094748
16 48 16.722197
16 49 16.020706
16 50 16.034082
16 51 16.971805
16 52 15.941176
16 53 16.151055
16 54 16.239374
16 55 15.462442
16 56 16.163726
16 57 18.808556
16 58 14.434830
16 59 17.707178
16 60 16.802533
16 61 15.660335
16 62 16.107536
16 63 18.046955
17 0 16.338612
17 1 15.050267
17 2 14.539982
17 3 14.424514
17 4 15.955605
17 5 16.518044
17 6 14.388528
17 7 14.000590
17 8 14.487477
17 9 16.329535
17 10 14.451370
17 11 16.099756
17 12 13.583821
17 13 16.076152
17 14 15.652481
17 15 14.585367
17 16 14.260177
17 17 19.359613
17 18 18.037764
17 19 15.208118
17 20 17.046732
17 21 15.033933
17 22 12.339673
17 23 14.536863
17 24 13.890826
17 25 13.720312
17 26 15.551145
17 27 14.676924
17 28 13.389861
17 29 15.213113
17 30 13.177296
17 31 15.386690
17 32 16.194783
17 33 15.726313
17 34 16.156955
17 35 15.683463
17 36 14.352462
17 37 13.941517
17 38 13.607250
17 39 15.308368
17 40 14.750651
17 41 16.541445
17 42 13.660217
17 43 18.151457
17 44 14.515626
17 45 14.271511
17 46 13.989279
17 47 14.816895
17 48 15.756465
17 49 16.135396
17 50 13.560711
17 51 14.798783
17 52 15.411035
17 53 15.085527
17 54 15.361822
17 55 14.610813
17 56 15.098375
17 57 17.118459
17 58 12.167795
17 59 15.877981
17 60 14.229403
17 61 15.366819
17 62 14.919989
17 63 15.603893
18 0 19.762855
18 1 19.002586
18 2 17.991396
18 3 19.023387
18 4 19.017637
18 5 19.579133
18 6 19.073861
18 7 16.336475
18 8 17.168731
18 9 20.479766
18 10 18.031662
18 11 18.372102
18 12 17.534667
18 13 18.413947
18 14 18.297944
18 15 19.282745
18 16 17.960246
18 17 18.037764
18 18 26.055604
18 19 17.849432
18 20 21.709855
18 21 16.755109
18 22 16.585862
18 23 18.203855
18 24 15.867148
18 25 17.138205
18 26 18.488477
18 27 18.540338
18 28 17.118891
18 29 18.465512
18 30 15.890819
18 31 18.855670
18 32 19.447828
18 33 19.820940
18 34 19.657941
18 35 18.731268
18 36 16.203468
18 37 15.941064
18 38 15.113633
18 39 17.754212
18 40 18.335670
18 41 20.051771
18 42 18.439895
18 43 21.363722
18 44 17.898201
18 45 16.823800
18 46 17.972684
18 47 18.462294
18 48 19.566271
18 49 20.011090
18 50 18.371350
18 51 17.258221
18 52 17.354602
18 53 18.273660
18 54 20.153509
18 55 17.261432
18 56 17.305694
18 57 21.201471
18 58 15.335673
18 59 19.757043
18 60 18.487280
18 61 17.076971
18 62 18.096787
18 63 21.269530
19 0 16.625314
19 1 16.541910
19 2 14.941308
19 3 16.986163
19 4 15.159974
19 5 17.173918
19 6 15.081570
19 7 14.574633
19 8 15.400219
19 9 16.230191
19 10 14.932747
19 11 16.503001
19 12 15.482976
19 13 15.725951
19 14 16.274372
19 15 16.705713
19 16 14.669955
19 17 15.208118
19 18 17.849432
19 19 20.522718
19 20 17.700007
19 21 15.573233
19 22 13.715340
19 23 16.284579
19 24 13.950069
19 25 13.633377
19 26 16.882437
19 27 15.936340
19 28 15.190437
19 29 15.610095
19 30 13.244499
19 31 16.253201
19 32 16.018544
19 33 17.855711
19 34 15.538932
19 35 16.873639
19 36 14.453894
19 37 13.984960
19 38 14.182270
19 39 16.283651
19 40 14.872299
19 41 17.642616
19 42 15.242736
19 43 19.055569
19 44 14.888320
19 45 14.332907
19 46 16.085129
19 47 16.069885
19 48 17.709059
19 49 15.686796
19 50 15.215392
19 51 15.902067
19 52 15.772298
19 53 14.463482
19 54 16.278327
19 55 15.356447
19 56 14.400768
19 57 16.748096
19 58 13.832757
19 59 17.558538
19 60 14.239608
19 61 15.373683
19 62 15.403238
19 63 17.882969
20 0 19.772842
20 1 19.361637
20 2 17.049805
20 3 19.773937
20 4 19.859472
20 5 20.686214
20 6 17.715619
20 7 17.428934
20 8 17.655171
20 9 19.679028
20 10 18.886208
20 11 19.848500
20 12 15.546924
20 13 18.253881
20 14 18.710327
20 15 18.743568
20 16 20.432358
20 17 17.046732
20 18 21.709855
20 19 17.700007
20 20 27.539532
20 21 18.670706
20 22 16.608589
20 23 19.061471
20 24 17.253243
20 25 18.327147
20 26 18.595102
20 27 18.155223
20 28 16.804077
20 29 18.416142
20 30 17.173361
20 31 17.992899
20 32 19.477582
20 33 19.612512
20 34 19.730801
20 35 19.099249
20 36 17.578958
20 37 16.918750
20 38 15.084886
20 39 19.315144
20 40 17.841198
20 41 20.796537
20 42 19.620739
20 43 21.400224
20 44 17.903921
20 45 18.031226
20 46 16.839995
20 47 19.870990
20 48 19.389832
20 49 19.767475
20 50 19.365236
20 51 18.445445
20 52 17.654390
20 53 18.428581
20 54 18.811483
20 55 17.341020
20 56 17.728382
20 57 19.712893
20 58 16.323256
20 59 19.547352
20 60 18.690614
20 61 18.403469
20 62 18.481778
20 63 20.477522
21 0 17.315915
21 1 16.937319
21 2 14.419512
21 3 16.254556
21 4 16.988500
21 5 17.273410
21 6 15.828773
21 7 15.472610
21 8 14.616727
21 9 17.233863
21 10 16.242241
21 11 17.867911
21 12 14.362377
21 13 16.459450
21 14 16.603717
21 15 15.469961
21 16 16.389189
21 17 15.033933
21 18 16.755109
21 19 15.573233
21 20 18.670706
21 21 21.504902
21 22 13.809112
21 23 16.132284
21 24 13.634055
21 25 15.362469
21 26 16.666568
21 27 15.013449
21 28 14.162771
21 29 16.207019
21 30 14.458690
21 31 16.002675
21 32 16.995103
21 33 17.894762
21 34 18.485780
21 35 16.959674
21 36 14.254148
21 37 16.114656
21 38 13.643241
21 39 17.225555
21 40 14.286517
21 41 17.643221
21 42 16.023372
21 43 18.509779
21 44 15.484080
21 45 15.411924
21 46 16.282556
21 47 15.653752
21 48 16.146307
21 49 16.813273
21 50 15.500372
21 51 15.553053
21 52 17.715546
21 53 16.286292
21 54 16.142598
21 55 17.150646
21 56 15.666950
21 57 16.538400
21 58 13.367715
21 59 17.550313
21 60 15.601093
21 61 16.631619
21 62 16.254565
21 63 16.955027
22 0 14.584092
22 1 14.963141
22 2 13.211655
22 3 12.845160
22 4 14.263255
22 5 14.638002
22 6 15.120738
22 7 13.599693
22 8 13.108821
22 9 15.046317
22 10 14.338199
22 11 14.210571
22 12 13.202894
22 13 13.387975
22 14 13.757015
22 15 15.452845
22 16 14.797564
22 17 12.339673
22 18 16.585862
22 19 13.715340
22 20 16.608589
22 21 13.809112
22 22 17.703146
22 23 13.412279
22 24 12.422466
22 25 13.533965
22 26 14.857040
22 27 13.681831
22 28 13.359752
22 29 14.061963
22 30 12.372362
22 31 14.068817
22 32 15.536730
22 33 16.333057
22 34 15.262434
22 35 15.651599
22 36 13.452438
22 37 14.020755
22 38 12.821039
22 39 15.068271
22 40 14.334889
22 41 16.591787
22 42 14.326269
22 43 14.771108
22 44 13.567734
22 45 13.941664
22 46 14.265132
22 47 14.407450
22 48 15.081815
22 49 16.416306
22 50 14.753027
22 51 13.686819
22 52 13.999905
22 53 14.008064
22 54 15.450913
22 55 13.977130
22 56 14.251941
22 57 14.747240
22 58 12.021878
22 59 14.946103
22 60 14.564642
22 61 13.430134
22 62 14.552533
22 63 15.278152
23 0 17.204826
23 1 16.620848
23 2 16.520779
23 3 17.828041
23 4 16.500698
23 5 17.641122
23 6 17.228437
23 7 15.111730
23 8 15.716690
23 9 18.412952
23 10 17.040290
23 11 16.646833
23 12 14.788295
23 13 17.302558
23 14 16.320488
23 15 15.621054
23 16 17.692043
23 17 14.536863
23 18 18.203855
23 19 16.284579
23 20 19.061471
23 21 16.132284
23 22 13.412279
23 23 21.724067
23 24 14.690221
23 25 16.139668
23 26 16.481395
23 27 17.012307
23 28 14.575341
23 29 16.672389
23 30 13.903934
23 31 16.735322
23 32 16.658226
23 33 16.970413
23 34 17.424267
23 35 16.575566
23 36 15.204616
23 37 14.704197
23 38 13.126485
23 39 17.257232
23 40 16.198438
23 41 17.478919
23 42 17.000156
23 43 19.577201
23 44 16.097872
23 45 15.328153
23 46 14.562935
23 47 17.339114
23 48 18.155247
23 49 16.750288
23 50 15.529506
23 51 16.378158
23 52 16.778901
23 53 17.561335
23 54 17.665936
23 55 17.201704
23 56 15.040406
23 57 18.052947
23 58 14.769895
23 59 17.145290
23 60 15.657446
23 61 16.375531
23 62 16.258870
23 63 18.290491
24 0 14.659894
24 1 14.695744
24 2 11.942239
24 3 15.642664
24 4 15.012381
24 5 15.451515
24 6 14.397758
24 7 13.589660
24 8 13.780474
24 9 16.261358
24 10 13.756836
24 11 15.450168
24 12 12.409877
24 13 15.186748
24 14 13.887546
24 15 14.334384
24 16 15.014786
24 17 13.890826
24 18 15.867148
24 19 13.950069
24 20 17.253243
24 21 13.634055
24 22 12.422466
24 23 14.690221
24 24 17.289364
24 25 12.619001
24 26 15.736843
24 27 15.598281
24 28 13.832557
24 29 13.333040
24 30 12.476848
24 31 13.693354
24 32 14.439178
24 33 14.717841
24 34 15.762811
24 35 15.452997
24 36 13.085311
24 37 13.105734
24 38 12.488972
24 39 15.361218
24 40 13.596942
24 41 15.698781
24 42 15.898877
24 43 16.374722
24 44 13.495158
24 45 13.238934
24 46 13.908685
24 47 15.661611
24 48 15.781760
24 49 14.624051
24 50 12.722108
24 51 14.160046
24 52 14.525787
24 53 14.322873
24 54 13.933821
24 55 14.478543
24 56 13.410373
24 57 15.917808
24 58 12.552998
24 59 15.953910
24 60 13.738845
24 61 13.760835
24 62 15.493171
24 63 15.639898
25 0 15.773520
25 1 16.056118
25 2 14.778678
25 3 15.528285
25 4 15.720773
25 5 15.112219
25 6 16.630773
25 7 15.526811
25 8 14.349345
25 9 15.043317
25 10 15.069166
25 11 16.504493
25 12 14.322551
25 13 16.562846
25 14 14.323081
25 15 14.280987
25 16 16.382823
25 17 13.720312
25 18 17.138205
25 19 13.633377
25 20 18.327147
25 21 15.362469
25 22 13.533965
25 23 16.139668
25 24 12.619001
25 25 19.739601
25 26 15.698930
25 27 14.920303
25 28 14.512835
25 29 16.093071
25 30 14.335682
25 31 14.112277
25 32 15.566931
25 33 16.314562
25 34 16.885629
25 35 15.574864
25 36 14.139109
25 37 14.990781
25 38 13.194263
25 39 16.625337
25 40 14.495375
25 41 17.216840
25 42 16.050348
25 43 16.592029
25 44 15.370495
25 45 15.575178
25 46 14.632634
25 47 16.740134
25 48 17.409791
25 49 16.859148
25 50 15.985836
25 51 15.529008
25 52 14.722425
25 53 14.648694
25 54 16.259868
25 55 15.024577
25 56 14.889584
25 57 16.582520
25 58 13.467498
25 59 16.792795
25 60 14.219599
25 61 16.115515
25 62 15.312996
25 63 17.971936
26 0 16.339189
26 1 18.270126
26 2 15.574165
26 3 17.598772
26 4 17.025166
26 5 17.448146
26 6 16.968357
26 7 16.154481
26 8 16.633177
26 9 18.002526
26 10 15.299984
26 11 18.156530
26 12 15.422411
26 13 17.399761
26 14 15.717746
26 15 16.224953
26 16 15.435466
26 17 15.551145
26 18 18.488477
26 19 16.882437
26 20 18.595102
26 21 16.666568
26 22 14.857040
26 23 16.481395
26 24 15.736843
26 25 15.698930
26 26 21.606247
26 27 17.053753
26 28 16.021378
26 29 17.256558
26 30 15.150286
26 31 16.564673
26 32 17.109834
26 33 18.290402
26 34 18.862938
26 35 17.801259
26 36 16.675182
26 37 15.478293
26 38 15.063625
26 39 18.890314
26 40 17.126243
26 41 18.337445
26 42 17.180982
26 43 18.919624
26 44 16.512737
26 45 15.478346
26 46 16.820629
26 47 16.783035
26 48 19.350397
26 49 17.498651
26 50 15.683905
26 51 16.098088
26 52 17.233060
26 53 16.587791
26 54 17.300885
26 55 16.310006
26 56 16.173834
26 57 17.010441
26 58 14.156377
26 59 18.366006
26 60 14.988351
26 61 17.146305
26 62 17.472843
26 63 19.065825
27 0 16.911554
27 1 17.397941
27 2 14.553493
27 3 18.240810
27 4 17.378832
27 5 16.192912
27 6 17.312214
27 7 16.075566
27 8 15.909743
27 9 17.690061
27 10 15.757998
27 11 17.599683
27 12 14.695473
27 13 15.903227
27 14 15.085515
27 15 16.939044
27 16 16.138374
27 17 14.676924
27 18 18.540338
27 19 15.936340
27 20 18.155223
27 21 15.013449
27 22 13.681831
27 23 17.012307
27 24 15.598281
27 25 14.920303
27 26 17.053753
27 27 21.081656
27 28 14.800724
27 29 15.800103
27 30 15.125283
27 31 15.591335
27 32 16.481372
27 33 17.901984
27 34 17.609946
27 35 17.373989
27 36 15.317447
27 37 14.556286
27 38 14.000055
27 39 17.278848
27 40 16.451244
27 41 17.921924
27 42 16.332398
27 43 18.274544
27 44 14.876488
27 45 13.657343
27 46 16.388395
27 47 16.857247
27 48 17.836341
27 49 15.694074
27 50 14.925160
27 51 16.864203
27 52 16.742671
27 53 16.229736
27 54 17.402888
27 55 15.011699
27 56 14.952289
27 57 17.904117
27 58 14.604657
27 59 17.188005
27 60 14.247980
27 61 15.580209
27 62 17.180782
27 63 18.438915
28 0 16.215028
28 1 14.976819
28 2 13.734623
28 3 15.353361
28 4 15.565801
28 5 15.295413
28 6 14.740774
28 7 14.174724
28 8 14.890193
28 9 16.102651
28 10 14.477725
28 11 14.940640
28 12 12.424362
28 13 15.713575
28 14 13.523994
28 15 16.079643
28 16 14.791872
28 17 13.389861
28 18 17.118891
28 19 15.190437
28 20 16.804077
28 21 14.162771
28 22 13.359752
28 23 14.575341
28 24 13.832557
28 25 14.512835
28 26 16.021378
28 27 14.800724
28 28 19.426001
28 29 15.937114
28 30 13.713377
28 31 14.723383
28 32 15.282276
28 33 16.058000
28 34 15.469455
28 35 16.870276
28 36 14.025714
28 37 13.608662
28 38 12.552940
28 39 14.827180
28 40 12.726866
28 41 16.919504
28 42 14.092016
28 43 16.390238
28 44 15.565155
28 45 15.297377
28 46 13.891516
28 47 15.656732
28 48 16.305143
28 49 14.738006
28 50 15.382470
28 51 15.212883
28 52 15.118755
28 53 14.955738
28 54 15.804975
28 55 13.775389
28 56 12.951785
28 57 16.843114
28 58 12.211154
28 59 16.029332
28 60 13.814503
28 61 15.388437
28 62 15.083403
28 63 17.228423
29 0 16.887992
29 1 16.923412
29 2 15.939901
29 3 16.437840
29 4 16.801038
29 5 16.204679
29 6 17.184236
29 7 15.215602
29 8 15.864607
29 9 18.352237
29 10 15.696141
29 11 16.704628
29 12 14.564067
29 13 17.192903
29 14 14.737151
29 15 17.100677
29 16 16.381582
29 17 15.213113
29 18 18.465512
29 19 15.610095
29 20 18.416142
29 21 16.207019
29 22 14.061963
29 23 16.672389
29 24 13.333040
29 25 16.093071
29 26 17.256558
29 27 15.800103
29 28 15.937114
29 29 20.919903
29 30 14.094019
29 31 15.618324
29 32 16.938009
29 33 17.211143
29 34 17.302388
29 35 15.565669
29 36 15.733725
29 37 14.564139
29 38 13.748282
29 39 17.598421
29 40 14.962780
29 41 18.218587
29 42 15.894645
29 43 18.707383
29 44 15.519398
29 45 14.807894
29 46 15.727876
29 47 17.630975
29 48 17.505773
29 49 16.912350
29 50 16.112356
29 51 15.198416
29 52 15.304290
29 53 16.351440
29 54 17.214296
29 55 16.011378
29 56 14.969760
29 57 17.730616
29 58 13.547900
29 59 18.089985
29 60 15.699076
29 61 15.990287
29 62 16.180770
29 63 18.693034
30 0 16.198897
30 1 15.853311
30 2 14.208989
30 3 15.821518
30 4 15.378462
30 5 15.835797
30 6 14.939181
30 7 13.615763
30 8 15.009295
30 9 14.711778
30 10 14.937969
30 11 15.838175
30 12 13.695800
30 13 15.343110
30 14 13.389821
30 15 13.177819
30 16 14.376520
30 17 13.177296
30 18 15.890819
30 19 13.244499
30 20 17.173361
30 21 14.458690
30 22 12.372362
30 23 13.903934
30 24 12.476848
30 25 14.335682
30 26 15.150286
30 27 15.125283
30 28 13.713377
30 29 14.094019
30 30 16.676053
30 31 13.497553
30 32 14.376956
30 33 15.057032
30 34 15.798793
30 35 14.656652
30 36 14.293468
30 37 13.841280
30 38 12.821608
30 39 15.404629
30 40 13.298765
30 41 16.282768
30 42 14.825372
30 43 16.559217
30 44 14.369943
30 45 13.985009
30 46 13.978598
30 47 14.703870
30 48 15.749480
30 49 15.656612
30 50 14.858425
30 51 14.480885
30 52 13.983067
30 53 13.453021
30 54 15.636364
30 55 13.422563
30 56 13.290740
30 57 16.685767
30 58 12.171028
30 59 15.798269
30 60 12.764274
30 61 13.882849
30 62 14.479953
30 63 16.178868
31 0 16.404184
31 1 16.521345
31 2 14.561452
31 3 16.644758
31 4 16.186400
31 5 16.370445
31 6 15.447766
31 7 14.846592
31 8 14.902304
31 9 16.779074
31 10 15.454065
31 11 17.365671
31 12 14.912687
31 13 16.541379
31 14 15.660727
31 15 16.059864
31 16 14.462339
31 17 15.386690
31 18 18.855670
31 19 16.253201
31 20 17.992899
31 21 16.002675
31 22 14.068817
31 23 16.735322
31 24 13.693354
31 25 14.112277
31 26 16.564673
31 27 15.591335
31 28 14.723383
31 29 15.618324
31 30 13.497553
31 31 20.442051
31 32 17.113721
31 33 17.611978
31 34 17.795643
31 35 17.770047
31 36 15.102727
31 37 14.294005
31 38 12.918739
31 39 16.222390
31 40 15.183668
31 41 16.272610
31 42 16.478948
31 43 18.350583
31 44 16.026082
31 45 14.405968
31 46 15.452515
31 47 15.804086
31 48 17.603195
31 49 16.942055
31 50 16.260465
31 51 15.232713
31 52 17.333697
31 53 16.399077
31 54 16.349107
31 55 15.034201
31 56 15.600542
31 57 17.091998
31 58 14.355555
31 59 17.873880
31 60 14.409112
31 61 15.932278
31 62 16.453611
31 63 18.165501
32 0 18.311296
32 1 18.150967
32 2 16.071060
32 3 16.887671
32 4 16.992257
32 5 16.792581
32 6 16.887306
32 7 15.214386
32 8 15.947226
32 9 17.782996
32 10 17.124850
32 11 19.448344
32 12 15.507079
32 13 18.086149
32 14 18.036020
32 15 17.054778
32 16 16.444467
32 17 16.194783
32 18 19.447828
32 19 16.018544
32 20 19.477582
32 21 16.995103
32 22 15.536730
32 23 16.658226
32 24 14.439178
32 25 15.566931
32 26 17.109834
32 27 16.481372
32 28 15.282276
32 29 16.938009
32 30 14.376956
32 31 17.113721
32 32 21.920801
32 33 18.004234
32 34 19.026890
32 35 17.581484
32 36 16.646565
32 37 16.680414
32 38 14.449608
32 39 18.162200
32 40 16.709035
32 41 19.346175
32 42 17.933589
32 43 19.969287
32 44 18.293481
32 45 16.043096
32 46 16.655695
32 47 16.624183
32 48 17.959866
32 49 18.842406
32 50 16.857601
32 51 16.396783
32 52 16.621600
32 53 17.026799
32 54 17.284171
32 55 15.898172
32 56 15.700850
32 57 18.876823
32 58 14.664513
32 59 17.563752
32 60 17.175626
32 61 17.569846
32 62 18.142212
32 63 17.619984
33 0 19.444695
33 1 17.708713
33 2 16.258093
33 3 18.151427
33 4 18.350471
33 5 17.978956
33 6 17.679707
33 7 18.053628
33 8 17.028221
33 9 17.690486
33 10 17.652828
33 11 17.746115
33 12 17.342877
33 13 17.007125
33 14 16.704092
33 15 18.726159
33 16 16.578556
33 17 15.726313
33 18 19.820940
33 19 17.855711
33 20 19.612512
33 21 17.894762
33 22 16.333057
33 23 16.970413
33 24 14.717841
33 25 16.314562
33 26 18.290402
33 27 17.901984
33 28 16.058000
33 29 17.211143
33 30 15.057032
33 31 17.611978
33 32 18.004234
33 33 24.512469
33 34 19.054143
33 35 19.384477
33 36 17.098668
33 37 15.749958
33 38 15.600860
33 39 19.045882
33 40 16.979695
33 41 19.171816
33 42 17.540426
33 43 18.524763
33 44 15.465248
33 45 17.147776
33 46 17.644966
33 47 18.377412
33 48 18.555807
33 49 18.777634
33 50 17.867347
33 51 16.489413
33 52 18.016218
33 53 18.808645
33 54 18.323824
33 55 17.314207
33 56 16.396578
33 57 17.673075
33 58 15.581593
33 59 19.786197
33 60 15.664749
33 61 17.487416
33 62 17.897784
33 63 19.676668
34 0 19.467726
34 1 18.272474
34 2 16.780177
34 3 19.078165
34 4 17.104493
34 5 18.479881
34 6 17.660822
34 7 18.205201
34 8 16.354465
34 9 19.906073
34 10 18.402889
34 11 19.582194
34 12 16.932473
34 13 18.855156
34 14 16.687649
34 15 16.953180
34 16 16.952422
34 17 16.156955
34 18 19.657941
34 19 15.538932
34 20 19.730801
34 21 18.485780
34 22 15.262434
34 23 17.424267
34 24 15.762811
34 25 16.885629
34 26 18.862938
34 27 17.609946
34 28 15.469455
34 29 17.302388
34 30 15.798793
34 31 17.795643
34 32 19.026890
34 33 19.054143
34 34 25.697634
34 35 17.338842
34 36 17.438388
34 37 17.296061
34 38 15.068000
34 39 18.402278
34 40 17.246103
34 41 19.885765
34 42 19.245117
34 43 18.997168
34 44 17.541544
34 45 16.839690
34 46 17.813209
34 47 18.296260
34 48 19.726985
34 49 20.404410
34 50 17.052048
34 51 17.632161
34 52 18.608128
34 53 17.634495
34 54 18.675275
34 55 17.186888
34 56 18.923192
34 57 18.275233
34 58 15.477354
34 59 20.347167
34 60 15.472419
34 61 17.791499
34 62 18.143687
34 63 19.658625
35 0 17.475979
35 1 16.299327
35 2 14.440319
35 3 17.665615
35 4 17.177372
35 5 16.671252
35 6 16.017443
35 7 16.356572
35 8 15.920498
35 9 16.787118
35 10 15.854177
35 11 16.630300
35 12 14.437611
35 13 15.995167
35 14 16.025747
35 15 17.190159
35 16 17.079873
35 17 15.683463
35 18 18.731268
35 19 16.873639
35 20 19.099249
35 21 16.959674
35 22 15.651599
35 23 16.575566
35 24 15.452997
35 25 15.574864
35 26 17.801259
35 27 17.373989
35 28 16.870276
35 29 15.565669
35 30 14.656652
35 31 17.770047
35 32 17.581484
35 33 19.384477
35 34 17.338842
35 35 23.179093
35 36 16.178190
35 37 16.053228
35 38 14.262705
35 39 17.772018
35 40 16.734465
35 41 17.827946
35 42 16.359841
35 43 18.293533
35 44 17.079283
35 45 16.196024
35 46 15.563185
35 47 17.449162
35 48 17.457135
35 49 17.955598
35 50 17.034966
35 51 17.371478
35 52 16.535378
35 53 16.116130
35 54 16.550911
35 55 15.301789
35 56 15.698974
35 57 17.773064
35 58 14.122546
35 59 17.365054
35 60 16.395989
35 61 17.388775
35 62 17.815540
35 63 17.786410
36 0 16.289028
36 1 14.749852
36 2 14.849581
36 3 17.413665
36 4 14.565102
36 5 14.922714
36 6 15.459999
36 7 15.290569
36 8 16.675651
36 9 16.767967
36 10 16.077683
36 11 16.428724
36 12 14.733275
36 13 16.014562
36 14 14.838752
36 15 15.497501
36 16 15.254513
36 17 14.352462
36 18 16.203468
36 19 14.453894
36 20 17.578958
36 21 14.254148
36 22 13.452438
36 23 15.204616
36 24 13.085311
36 25 14.139109
36 26 16.675182
36 27 15.317447
36 28 14.025714
36 29 15.733725
36 30 14.293468
36 31 15.102727
36 32 16.646565
36 33 17.098668
36 34 17.438388
36 35 16.178190
36 36 20.175018
36 37 14.897602
36 38 14.029716
36 39 17.089226
36 40 15.031242
36 41 17.227991
36 42 16.867542
36 43 17.782794
36 44 14.670042
36 45 14.173578
36 46 14.270002
36 47 15.631321
36 48 16.859684
36 49 17.345971
36 50 15.555868
36 51 14.918135
36 52 14.809049
36 53 14.846695
36 54 16.416462
36 55 13.563015
36 56 15.515881
36 57 15.670811
36 58 12.975237
36 59 17.573903
36 60 13.864474
36 61 15.525755
36 62 16.408728
36 63 16.285988
37 0 14.966901
37 1 15.740941
37 2 14.823815
37 3 15.340654
37 4 14.484052
37 5 15.353596
37 6 15.727547
37 7 14.662935
37 8 16.333350
37 9 16.198270
37 10 15.395235
37 11 15.963791
37 12 13.883580
37 13 15.878319
37 14 15.071015
37 15 14.166850
37 16 14.588553
37 17 13.941517
37 18 15.941064
37 19 13.984960
37 20 16.918750
37 21 16.114656
37 22 14.020755
37 23 14.704197
37 24 13.105734
37 25 14.990781
37 26 15.478293
37 27 14.556286
37 28 13.608662
37 29 14.564139
37 30 13.841280
37 31 14.294005
37 32 16.680414
37 33 15.749958
37 34 17.296061
37 35 16.053228
37 36 14.897602
37 37 19.426085
37 38 12.034689
37 39 16.271808
37 40 13.895447
37 41 18.486634
37 42 14.844325
37 43 16.859858
37 44 14.508446
37 45 15.766331
37 46 15.303550
37 47 15.455028
37 48 15.451205
37 49 17.441106
37 50 14.051930
37 51 14.298970
37 52 15.045737
37 53 13.618998
37 54 16.414953
37 55 14.430578
37 56 14.243261
37 57 14.955161
37 58 13.449987
37 59 15.729314
37 60 13.432106
37 61 15.916349
37 62 15.602676
37 63 17.081038
38 0 15.434439
38 1 14.114780
38 2 13.627666
38 3 14.409413
38 4 14.359172
38 5 14.700370
38 6 14.553838
38 7 12.404827
38 8 14.177681
38 9 14.345233
38 10 14.635045
38 11 15.667374
38 12 14.199742
38 13 14.727937
38 14 14.033609
38 15 13.973584
38 16 13.806900
38 17 13.607250
38 18 15.113633
38 19 14.182270
38 20 15.084886
38 21 13.643241
38 22 12.821039
38 23 13.126485
38 24 12.488972
38 25 13.194263
38 26 15.063625
38 27 14.000055
38 28 12.552940
38 29 13.748282
38 30 12.821608
38 31 12.918739
38 32 14.449608
38 33 15.600860
38 34 15.068000
38 35 14.262705
38 36 14.029716
38 37 12.034689
38 38 16.776352
38 39 15.275068
38 40 13.833883
38 41 15.417511
38 42 14.248129
38 43 15.543332
38 44 13.384190
38 45 13.631195
38 46 14.640569
38 47 14.364835
38 48 15.290431
38 49 14.615927
38 50 14.186496
38 51 14.182283
38 52 14.873190
38 53 14.425097
38 54 14.919682
38 55 14.046420
38 56 13.706389
38 57 15.680813
38 58 11.974755
38 59 16.207062
38 60 13.108223
38 61 13.753486
38 62 13.535816
38 63 15.368713
39 0 19.308556
39 1 18.259176
39 2 15.865989
39 3 17.916822
39 4 17.407972
39 5 16.299952
39 6 17.702875
39 7 16.311689
39 8 17.184996
39 9 17.857418
39 10 15.865488
39 11 18.392726
39 12 16.151372
39 13 16.467027
39 14 16.264960
39 15 16.072544
39 16 16.823490
39 17 15.308368
39 18 17.754212
39 19 16.283651
39 20 19.315144
39 21 17.225555
39 22 15.068271
39 23 17.257232
39 24 15.361218
39 25 16.625337
39 26 18.890314
39 27 17.278848
39 28 14.827180
39 29 17.598421
39 30 15.404629
39 31 16.222390
39 32 18.162200
39 33 19.045882
39 34 18.402278
39 35 17.772018
39 36 17.089226
39 37 16.271808
39 38 15.275068
39 39 23.861386
39 40 15.738274
39 41 18.577744
39 42 18.484630
39 43 18.595217
39 44 16.563573
39 45 16.246560
39 46 17.051745
39 47 18.061739
39 48 18.794374
39 49 17.875026
39 50 17.074502
39 51 15.748067
39 52 17.152887
39 53 17.144933
39 54 16.809141
39 55 17.777836
39 56 16.165002
39 57 18.162724
39 58 15.020638
39 59 19.411258
39 60 15.160634
39 61 16.812498
39 62 16.861063
39 63 18.579917
40 0 15.176723
40 1 15.485368
40 2 15.162357
40 3 17.180921
40 4 15.258329
40 5 16.162485
40 6 15.818267
40 7 15.464077
40 8 14.873435
40 9 16.339702
40 10 16.202175
40 11 17.372372
40 12 15.077632
40 13 15.201914
40 14 15.011595
40 15 15.670624
40 16 16.141701
40 17 14.750651
40 18 18.335670
40 19 14.872299
40 20 17.841198
40 21 14.286517
40 22 14.334889
40 23 16.198438
40 24 13.596942
40 25 14.495375
40 26 17.126243
40 27 16.451244
40 28 12.726866
40 29 14.962780
40 30 13.298765
40 31 15.183668
40 32 16.709035
40 33 16.979695
40 34 17.246103
40 35 16.734465
40 36 15.031242
40 37 13.895447
40 38 13.833883
40 39 15.738274
40 40 20.106198
40 41 17.023089
40 42 15.703900
40 43 17.205430
40 44 15.489085
40 45 13.881349
40 46 15.086672
40 47 16.183601
40 48 16.901930
40 49 17.602726
40 50 14.852861
40 51 14.635173
40 52 14.920374
40 53 16.275913
40 54 17.189568
40 55 14.618839
40 56 14.580607
40 57 16.401366
40 58 13.114858
40 59 16.297708
40 60 15.858055
40 61 15.224863
40 62 15.901601
40 63 16.859370
41 0 19.592996
41 1 18.796781
41 2 18.532518
41 3 18.719802
41 4 17.362146
41 5 19.047076
41 6 17.899419
41 7 17.003511
41 8 18.202155
41 9 19.252058
41 10 18.613393
41 11 18.500432
41 12 16.460295
41 13 17.736041
41 14 17.618612
41 15 18.682585
41 16 17.748106
41 17 16.541445
41 18 20.051771
41 19 17.642616
41 20 20.796537
41 21 17.643221
41 22 16.591787
41 23 17.478919
41 24 15.698781
41 25 17.216840
41 26 18.337445
41 27 17.921924
41 28 16.919504
41 29 18.218587
41 30 16.282768
41 31 16.272610
41 32 19.346175
41 33 19.171816
41 34 19.885765
41 35 17.827946
41 36 17.227991
41 37 18.486634
41 38 15.417511
41 39 18.577744
41 40 17.023089
41 41 24.491367
41 42 17.892811
41 43 19.270233
41 44 17.512893
41 45 18.025873
41 46 16.828136
41 47 18.412722
41 48 19.691243
41 49 20.458117
41 50 16.990804
41 51 17.448558
41 52 17.061283
41 53 16.267534
41 54 19.022134
41 55 16.635979
41 56 17.173934
41 57 19.036752
41 58 15.783553
41 59 18.350884
41 60 16.887431
41 61 17.949943
41 62 18.416688
41 63 20.082742
42 0 17.259592
42 1 17.006678
42 2 15.883297
42 3 18.327944
42 4 15.328377
42 5 16.861139
42 6 16.819493
42 7 15.638376
42 8 15.536646
42 9 18.068373
42 10 17.210403
42 11 18.005566
42 12 16.330449
42 13 18.139787
42 14 15.261338
42 15 15.196449
42 16 16.583174
42 17 13.660217
42 18 18.439895
42 19 15.242736
42 20 19.620739
42 21 16.023372
42 22 14.326269
42 23 17.000156
42 24 15.898877
42 25 16.050348
42 26 17.180982
42 27 16.332398
42 28 14.092016
42 29 15.894645
42 30 14.825372
42 31 16.478948
42 32 17.933589
42 33 17.540426
42 34 19.245117
42 35 16.359841
42 36 16.867542
42 37 14.844325
42 38 14.248129
42 39 18.484630
42 40 15.703900
42 41 17.892811
42 42 23.954394
42 43 19.116088
42 44 17.504358
42 45 15.525146
42 46 17.098335
42 47 18.310040
42 48 18.927807
42 49 17.864824
42 50 17.050247
42 51 15.249162
42 52 16.435646
42 53 16.525902
42 54 16.327245
42 55 17.200226
42 56 15.633106
42 57 18.007749
42 58 14.623110
42 59 19.724554
42 60 16.052178
42 61 16.012827
42 62 17.341877
42 63 17.822124
43 0 18.578058
43 1 19.547886
43 2 17.008583
43 3 19.225131
43 4 19.225357
43 5 19.295892
43 6 18.881879
43 7 15.727932
43 8 18.035438
43 9 19.556192
43 10 17.850558
43 11 20.493765
43 12 16.451062
43 13 20.346498
43 14 18.832583
43 15 18.247431
43 16 18.224527
43 17 18.151457
43 18 21.363722
43 19 19.055569
43 20 21.400224
43 21 18.509779
43 22 14.771108
43 23 19.577201
43 24 16.374722
43 25 16.592029
43 26 18.919624
43 27 18.274544
43 28 16.390238
43 29 18.707383
43 30 16.559217
43 31 18.350583
43 32 19.969287
43 33 18.524763
43 34 18.997168
43 35 18.293533
43 36 17.782794
43 37 16.859858
43 38 15.543332
43 39 18.595217
43 40 17.205430
43 41 19.270233
43 42 19.116088
43 43 25.571189
43 44 17.581798
43 45 17.094843
43 46 17.801141
43 47 18.092252
43 48 19.712103
43 49 18.293632
43 50 18.185366
43 51 17.946863
43 52 18.857800
43 53 18.945645
43 54 18.556327
43 55 17.954489
43 56 16.692380
43 57 20.575064
43 58 15.619884
43 59 19.735722
43 60 17.426664
43 61 17.503453
43 62 19.120371
43 63 19.902629
44 0 17.113443
44 1 16.820443
44 2 14.750908
44 3 15.529766
44 4 15.847975
44 5 17.578945
44 6 15.061765
44 7 14.464777
44 8 14.613813
44 9 16.405539
44 10 15.796977
44 11 17.071267
44 12 15.243330
44 13 16.682336
44 14 15.586107
44 15 14.981499
44 16 15.588337
44 17 14.515626
44 18 17.898201
44 19 14.888320
44 20 17.903921
44 21 15.484080
44 22 13.567734
44 23 16.097872
44 24 13.495158
44 25 15.370495
44 26 16.512737
44 27 14.876488
44 28 15.565155
44 29 15.519398
44 30 14.369943
44 31 16.026082
44 32 18.293481
44 33 15.465248
44 34 17.541544
44 35 17.079283
44 36 14.670042
44 37 14.508446
44 38 13.384190
44 39 16.563573
44 40 15.489085
44 41 17.512893
44 42 17.504358
44 43 17.581798
44 44 20.884011
44 45 15.290158
44 46 15.031528
44 47 15.342186
44 48 18.237092
44 49 17.845509
44 50 16.000950
44 51 15.505322
44 52 14.804497
44 53 14.664032
44 54 15.855775
44 55 15.739855
44 56 14.334042
44 57 17.709486
44 58 13.524225
44 59 17.798009
44 60 16.412642
44 61 17.086687
44 62 16.133296
44 63 16.956349
45 0 16.710188
45 1 16.047754
45 2 15.334774
45 3 16.297868
45 4 15.895661
45 5 16.798731
45 6 15.753939
45 7 14.302438
45 8 14.975031
45 9 16.811144
45 10 16.094360
45 11 15.878558
45 12 14.673621
45 13 15.608207
45 14 14.782179
45 15 15.511691
45 16 15.885221
45 17 14.271511
45 18 16.823800
45 19 14.332907
45 20 18.031226
45 21 15.411924
45 22 13.941664
45 23 15.328153
45 24 13.238934
45 25 15.575178
45 26 15.478346
45 27 13.657343
45 28 15.297377
45 29 14.807894
45 30 13.985009
45 31 14.405968
45 32 16.043096
45 33 17.147776
45 34 16.839690
45 35 16.196024
45 36 14.173578
45 37 15.766331
45 38 13.631195
45 39 16.246560
45 40 13.881349
45 41 18.025873
45 42 15.525146
45 43 17.094843
45 44 15.290158
45 45 19.694871
45 46 15.139066
45 47 16.154510
45 48 15.907386
45 49 16.678769
45 50 16.291383
45 51 14.685460
45 52 15.787963
45 53 15.420133
45 54 16.275378
45 55 15.422226
45 56 14.406636
45 57 16.791830
45 58 13.366985
45 59 15.976706
45 60 14.789196
45 61 16.896685
45 62 15.633872
45 63 17.368955
46 0 15.222854
46 1 17.920691
46 2 14.452534
46 3 16.865287
46 4 15.913947
46 5 16.735647
46 6 16.732870
46 7 14.973008
46 8 15.590345
46 9 16.684968
46 10 15.697071
46 11 18.678737
46 12 16.797548
46 13 17.187413
46 14 15.467248
46 15 15.641489
46 16 14.306205
46 17 13.989279
46 18 17.972684
46 19 16.085129
46 20 16.839995
46 21 16.282556
46 22 14.265132
46 23 14.562935
46 24 13.908685
46 25 14.632634
46 26 16.820629
46 27 16.388395
46 28 13.891516
46 29 15.727876
46 30 13.978598
46 31 15.452515
46 32 16.655695
46 33 17.644966
46 34 17.813209
46 35 15.563185
46 36 14.270002
46 37 15.303550
46 38 14.640569
46 39 17.051745
46 40 15.086672
46 41 16.828136
46 42 17.098335
46 43 17.801141
46 44 15.031528
46 45 15.139066
46 46 20.968102
46 47 16.763973
46 48 17.535096
46 49 16.742846
46 50 16.357721
46 51 14.787898
46 52 16.849909
46 53 15.360537
46 54 17.130452
46 55 16.138088
46 56 14.682880
46 57 16.166584
46 58 13.841341
46 59 18.365074
46 60 14.893431
46 61 15.739433
46 62 16.330338
46 63 18.358550
47 0 18.283134
47 1 17.852786
47 2 16.876282
47 3 18.120928
47 4 16.493601
47 5 16.748372
47 6 17.059842
47 7 17.215759
47 8 16.390670
47 9 17.246989
47 10 17.297690
47 11 17.296354
47 12 15.212778
47 13 17.366148
47 14 16.039205
47 15 16.279724
47 16 18.094748
47 17 14.816895
47 18 18.462294
47 19 16.069885
47 20 19.870990
47 21 15.653752
47 22 14.407450
47 23 17.339114
47 24 15.661611
47 25 16.740134
47 26 16.783035
47 27 16.857247
47 28 15.656732
47 29 17.630975
47 30 14.703870
47 31 15.804086
47 32 16.624183
47 33 18.377412
47 34 18.296260
47 35 17.449162
47 36 15.631321
47 37 15.455028
47 38 14.364835
47 39 18.061739
47 40 16.183601
47 41 18.412722
47 42 18.310040
47 43 18.092252
47 44 15.342186
47 45 16.154510
47 46 16.763973
47 47 22.170012
47 48 17.744661
47 49 17.686215
47 50 17.215840
47 51 15.878102
47 52 16.364325
47 53 16.856983
47 54 17.696859
47 55 15.785925
47 56 15.343467
47 57 18.472378
47 58 15.111862
47 59 18.430903
47 60 15.797969
47 61 15.671968
47 62 17.752354
47 63 19.531606
48 0 18.638051
48 1 18.134833
48 2 15.696710
48 3 17.708311
48 4 16.873013
48 5 18.016121
48 6 16.627864
48 7 17.243582
48 8 16.237070
48 9 17.295526
48 10 17.127065
48 11 17.476150
48 12 16.862314
48 13 18.994988
48 14 16.257571
48 15 18.372472
48 16 16.722197
48 17 15.756465
48 18 19.566271
48 19 17.709059
48 20 19.389832
48 21 16.146307
48 22 15.081815
48 23 18.155247
48 24 15.781760
48 25 17.409791
48 26 19.350397
48 27 17.836341
48 28 16.305143
48 29 17.505773
48 30 15.749480
48 31 17.603195
48 32 17.959866
48 33 18.555807
48 34 19.726985
48 35 17.457135
48 36 16.859684
48 37 15.451205
48 38 15.290431
48 39 18.794374
48 40 16.901930
48 41 19.691243
48 42 18.927807
48 43 19.712103
48 44 18.237092
48 45 15.907386
48 46 17.535096
48 47 17.744661
48 48 23.541929
48 49 18.744653
48 50 17.763994
48 51 17.203017
48 52 16.862371
48 53 16.388335
48 54 17.479841
48 55 17.643906
48 56 16.997494
48 57 18.552644
48 58 15.401237
48 59 20.691771
48 60 15.981715
48 61 18.285656
48 62 17.574514
48 63 19.897198
49 0 18.474826
49 1 17.147715
49 2 17.180574
49 3 17.093905
49 4 16.393339
49 5 18.220530
49 6 17.269341
49 7 16.605259
49 8 16.329581
49 9 17.837630
49 10 18.384000
49 11 17.174676
49 12 17.365271
49 13 17.136144
49 14 16.687385
49 15 16.317338
49 16 16.020706
49 17 16.135396
49 18 20.011090
49 19 15.686796
49 20 19.767475
49 21 16.813273
49 22 16.416306
49 23 16.750288
49 24 14.624051
49 25 16.859148
49 26 17.498651
49 27 15.694074
49 28 14.738006
49 29 16.912350
49 30 15.656612
49 31 16.942055
49 32 18.842406
49 33 18.777634
49 34 20.404410
49 35 17.955598
49 36 17.345971
49 37 17.441106
49 38 14.615927
49 39 17.875026
49 40 17.602726
49 41 20.458117
49 42 17.864824
49 43 18.293632
49 44 17.845509
49 45 16.678769
49 46 16.742846
49 47 17.686215
49 48 18.744653
49 49 23.611933
49 50 16.975614
49 51 15.505174
49 52 15.352698
49 53 16.342300
49 54 18.837085
49 55 16.998556
49 56 17.066014
49 57 17.472519
49 58 14.041755
49 59 18.708130
49 60 17.267522
49 61 17.472004
49 62 18.006896
49 63 19.099296
50 0 16.966532
50 1 16.521328
50 2 15.452860
50 3 16.851534
50 4 15.790867
50 5 16.054572
50 6 15.939794
50 7 15.339956
50 8 15.422508
50 9 15.444378
50 10 15.974488
50 11 17.728163
50 12 15.163210
50 13 17.435770
50 14 14.648102
50 15 16.660827
50 16 16.034082
50 17 13.560711
50 18 18.371350
50 19 15.215392
50 20 19.365236
50 21 15.500372
50 22 14.753027
50 23 15.529506
50 24 12.722108
50 25 15.985836
50 26 15.683905
50 27 14.925160
50 28 15.382470
50 29 16.112356
50 30 14.858425
50 31 16.260465
50 32 16.857601
50 33 17.867347
50 34 17.052048
50 35 17.034966
50 36 15.555868
50 37 14.051930
50 38 14.186496
50 39 17.074502
50 40 14.852861
50 41 16.990804
50 42 17.050247
50 43 18.185366
50 44 16.000950
50 45 16.291383
50 46 16.357721
50 47 17.215840
50 48 17.763994
50 49 16.975614
50 50 21.352090
50 51 15.994069
50 52 16.022823
50 53 16.830690
50 54 16.811738
50 55 15.145788
50 56 14.116980
50 57 18.331995
50 58 14.307265
50 59 18.260660
50 60 15.335379
50 61 15.494411
50 62 16.775060
50 63 17.782776
51 0 16.432045
51 1 16.733688
51 2 13.945981
51 3 16.357632
51 4 15.462457
51 5 17.071506
51 6 14.451774
51 7 15.622687
51 8 15.229727
51 9 15.332657
51 10 15.577159
51 11 16.668193
51 12 14.168490
51 13 15.176098
51 14 15.357745
51 15 16.790941
51 16 16.971805
51 17 14.798783
51 18 17.258221
51 19 15.902067
51 20 18.445445
51 21 15.553053
51 22 13.686819
51 23 16.378158
51 24 14.160046
51 25 15.529008
51 26 16.098088
51 27 16.864203
51 28 15.212883
51 29 15.198416
51 30 14.480885
51 31 15.232713
51 32 16.396783
51 33 16.489413
51 34 17.632161
51 35 17.371478
51 36 14.918135
51 37 14.298970
51 38 14.182283
51 39 15.748067
51 40 14.635173
51 41 17.448558
51 42 15.249162
51 43 17.946863
51 44 15.505322
51 45 14.685460
51 46 14.787898
51 47 15.878102
51 48 17.203017
51 49 15.505174
51 50 15.994069
51 51 21.270821
51 52 15.518673
51 53 16.562637
51 54 16.498916
51 55 13.044965
51 56 16.157528
51 57 18.117292
51 58 14.543597
51 59 16.501277
51 60 14.627015
51 61 16.426083
51 62 16.733490
51 63 17.074561
52 0 17.611209
52 1 18.122217
52 2 14.805494
52 3 16.408987
52 4 16.674613
52 5 17.853195
52 6 16.935744
52 7 14.780073
52 8 15.957572
52 9 17.866494
52 10 16.370989
52 11 18.737455
52 12 14.775595
52 13 17.341374
52 14 15.475285
52 15 16.010923
52 16 15.941176
52 17 15.411035
52 18 17.354602
52 19 15.772298
52 20 17.654390
52 21 17.715546
52 22 13.999905
52 23 16.778901
52 24 14.525787
52 25 14.722425
52 26 17.233060
52 27 16.742671
52 28 15.118755
52 29 15.304290
52 30 13.983067
52 31 17.333697
52 32 16.621600
52 33 18.016218
52 34 18.608128
52 35 16.535378
52 36 14.809049
52 37 15.045737
52 38 14.873190
52 39 17.152887
52 40 14.920374
52 41 17.061283
52 42 16.435646
52 43 18.857800
52 44 14.804497
52 45 15.787963
52 46 16.849909
52 47 16.364325
52 48 16.862371
52 49 15.352698
52 50 16.022823
52 51 15.518673
52 52 21.681611
52 53 17.785767
52 54 16.820887
52 55 16.699586
52 56 15.691973
52 57 17.358059
52 58 15.274206
52 59 18.079367
52 60 14.682186
52 61 15.297069
52 62 17.255791
52 63 18.466760
53 0 17.013457
53 1 16.729841
53 2 15.306554
53 3 15.857132
53 4 17.205227
53 5 16.798444
53 6 16.516651
53 7 14.890370
53 8 15.732960
53 9 16.771325
53 10 16.654441
53 11 17.690074
53 12 14.354993
53 13 16.881732
53 14 15.493437
53 15 17.183335
53 16 16.151055
53 17 15.085527
53 18 18.273660
53 19 14.463482
53 20 18.428581
53 21 16.286292
53 22 14.008064
53 23 17.561335
53 24 14.322873
53 25 14.648694
53 26 16.587791
53 27 16.229736
53 28 14.955738
53 29 16.351440
53 30 13.453021
53 31 16.399077
53 32 17.026799
53 33 18.808645
53 34 17.634495
53 35 16.116130
53 36 14.846695
53 37 13.618998
53 38 14.425097
53 39 17.144933
53 40 16.275913
53 41 16.267534
53 42 16.525902
53 43 18.945645
53 44 14.664032
53 45 15.420133
53 46 15.360537
53 47 16.856983
53 48 16.388335
53 49 16.342300
53 50 16.830690
53 51 16.562637
53 52 17.785767
53 53 21.690030
53 54 16.591973
53 55 16.358752
53 56 14.674375
53 57 17.920805
53 58 14.198389
53 59 17.288359
53 60 15.382617
53 61 15.697033
53 62 16.035383
53 63 17.053930
54 0 17.543776
54 1 17.125785
54 2 16.638398
54 3 18.060930
54 4 17.549033
54 5 17.908630
54 6 17.539588
54 7 16.340780
54 8 17.701512
54 9 18.926535
54 10 17.873299
54 11 17.957845
54 12 15.766696
54 13 16.901115
54 14 15.975450
54 15 16.814940
54 16 16.239374
54 17 15.361822
54 18 20.153509
54 19 16.278327
54 20 18.811483
54 21 16.142598
54 22 15.450913
54 23 17.665936
54 24 13.933821
54 25 16.259868
54 26 17.300885
54 27 17.402888
54 28 15.804975
54 29 17.214296
54 30 15.636364
54 31 16.349107
54 32 17.284171
54 33 18.323824
54 34 18.675275
54 35 16.550911
54 36 16.416462
54 37 16.414953
54 38 14.919682
54 39 16.809141
54 40 17.189568
54 41 19.022134
54 42 16.327245
54 43 18.556327
54 44 15.855775
54 45 16.275378
54 46 17.130452
54 47 17.696859
54 48 17.479841
54 49 18.837085
54 50 16.811738
54 51 16.498916
54 52 16.820887
54 53 16.591973
54 54 23.110815
54 55 16.797334
54 56 16.598694
54 57 18.604010
54 58 15.090884
54 59 17.782987
54 60 16.571722
54 61 17.009937
54 62 18.417116
54 63 19.878550
55 0 17.704664
55 1 16.078376
55 2 14.679957
55 3 15.811575
55 4 16.892083
55 5 17.232386
55 6 16.453794
55 7 14.398690
55 8 15.399186
55 9 17.577841
55 10 15.836080
55 11 16.210710
55 12 15.012440
55 13 16.578006
55 14 14.753389
55 15 14.881370
55 16 15.462442
55 17 14.610813
55 18 17.261432
55 19 15.356447
55 20 17.341020
55 21 17.150646
55 22 13.977130
55 23 17.201704
55 24 14.478543
55 25 15.024577
55 26 16.310006
55 27 15.011699
55 28 13.775389
55 29 16.011378
55 30 13.422563
55 31 15.034201
55 32 15.898172
55 33 17.314207
55 34 17.186888
55 35 15.301789
55 36 13.563015
55 37 14.430578
55 38 14.046420
55 39 17.777836
55 40 14.618839
55 41 16.635979
55 42 17.200226
55 43 17.954489
55 44 15.739855
55 45 15.422226
55 46 16.138088
55 47 15.785925
55 48 17.643906
55 49 16.998556
55 50 15.145788
55 51 13.044965
55 52 16.699586
55 53 16.358752
55 54 16.797334
55 55 22.344662
55 56 14.898743
55 57 16.409510
55 58 13.012232
55 59 18.299443
55 60 15.620252
55 61 16.837136
55 62 15.087231
55 63 16.833463
56 0 17.001906
56 1 16.456279
56 2 13.645238
56 3 15.083959
56 4 15.799850
56 5 16.563396
56 6 14.377134
56 7 15.409023
56 8 14.748108
56 9 17.249684
56 10 15.740427
56 11 16.431524
56 12 14.027555
56 13 14.458137
56 14 15.036769
56 15 15.654957
56 16 16.163726
56 17 15.098375
56 18 17.305694
56 19 14.400768
56 20 17.728382
56 21 15.666950
56 22 14.251941
56 23 15.040406
56 24 13.410373
56 25 14.889584
56 26 16.173834
56 27 14.952289
56 28 12.951785
56 29 14.969760
56 30 13.290740
56 31 15.600542
56 32 15.700850
56 33 16.396578
56 34 18.923192
56 35 15.698974
56 36 15.515881
56 37 14.243261
56 38 13.706389
56 39 16.165002
56 40 14.580607
56 41 17.173934
56 42 15.633106
56 43 16.692380
56 44 14.334042
56 45 14.406636
56 46 14.682880
56 47 15.343467
56 48 16.997494
56 49 17.066014
56 50 14.116980
56 51 16.157528
56 52 15.691973
56 53 14.674375
56 54 16.598694
56 55 14.898743
56 56 19.928789
56 57 15.709708
56 58 11.814342
56 59 17.054187
56 60 15.190162
56 61 15.765206
56 62 15.203425
56 63 16.575167
57 0 20.696978
57 1 19.050683
57 2 17.708269
57 3 18.605623
57 4 17.778480
57 5 18.561390
57 6 17.937719
57 7 16.221414
57 8 17.106889
57 9 18.869523
57 10 17.939212
57 11 19.265707
57 12 17.110069
57 13 19.051058
57 14 16.416833
57 15 17.550718
57 16 18.808556
57 17 17.118459
57 18 21.201471
57 19 16.748096
57 20 19.712893
57 21 16.538400
57 22 14.747240
57 23 18.052947
57 24 15.917808
57 25 16.582520
57 26 17.010441
57 27 17.904117
57 28 16.843114
57 29 17.730616
57 30 16.685767
57 31 17.091998
57 32 18.876823
57 33 17.673075
57 34 18.275233
57 35 17.773064
57 36 15.670811
57 37 14.955161
57 38 15.680813
57 39 18.162724
57 40 16.401366
57 41 19.036752
57 42 18.007749
57 43 20.575064
57 44 17.709486
57 45 16.791830
57 46 16.166584
57 47 18.472378
57 48 18.552644
57 49 17.472519
57 50 18.331995
57 51 18.117292
57 52 17.358059
57 53 17.920805
57 54 18.604010
57 55 16.409510
57 56 15.709708
57 57 24.945900
57 58 15.774774
57 59 18.868315
57 60 17.024546
57 61 15.970307
57 62 17.815098
57 63 18.923568
58 0 14.945215
58 1 16.201554
58 2 12.903982
58 3 15.193291
58 4 13.566770
58 5 15.606158
58 6 14.319431
58 7 13.114548
58 8 14.313969
58 9 13.315444
58 10 13.923278
58 11 15.112659
58 12 13.666036
58 13 14.610335
58 14 13.125192
58 15 14.617952
58 16 14.434830
58 17 12.167795
58 18 15.335673
58 19 13.832757
58 20 16.323256
58 21 13.367715
58 22 12.021878
58 23 14.769895
58 24 12.552998
58 25 13.467498
58 26 14.156377
58 27 14.604657
58 28 12.211154
58 29 13.547900
58 30 12.171028
58 31 14.355555
58 32 14.664513
58 33 15.581593
58 34 15.477354
58 35 14.122546
58 36 12.975237
58 37 13.449987
58 38 11.974755
58 39 15.020638
58 40 13.114858
58 41 15.783553
58 42 14.623110
58 43 15.619884
58 44 13.524225
58 45 13.366985
58 46 13.841341
58 47 15.111862
58 48 15.401237
58 49 14.041755
58 50 14.307265
58 51 14.543597
58 52 15.274206
58 53 14.198389
58 54 15.090884
58 55 13.012232
58 56 11.814342
58 57 15.774774
58 58 16.942764
58 59 15.008249
58 60 12.203006
58 61 13.122538
58 62 15.083090
58 63 16.615194
59 0 18.936295
59 1 17.384388
59 2 15.319476
59 3 18.163618
59 4 16.878278
59 5 18.568431
59 6 18.422004
59 7 17.072499
59 8 16.908355
59 9 18.805926
59 10 17.851752
59 11 18.573980
59 12 17.662544
59 13 19.015589
59 14 16.258150
59 15 17.618102
59 16 17.707178
59 17 15.877981
59 18 19.757043
59 19 17.558538
59 20 19.547352
59 21 17.550313
59 22 14.946103
59 23 17.145290
59 24 15.953910
59 25 16.792795
59 26 18.366006
59 27 17.188005
59 28 16.029332
59 29 18.089985
59 30 15.798269
59 31 17.873880
59 32 17.563752
59 33 19.786197
59 34 20.347167
59 35 17.365054
59 36 17.573903
59 37 15.729314
59 38 16.207062
59 39 19.411258
59 40 16.297708
59 41 18.350884
59 42 19.724554
59 43 19.735722
59 44 17.798009
59 45 15.976706
59 46 18.365074
59 47 18.430903
59 48 20.691771
59 49 18.708130
59 50 18.260660
59 51 16.501277
59 52 18.079367
59 53 17.288359
59 54 17.782987
59 55 18.299443
59 56 17.054187
59 57 18.868315
59 58 15.008249
59 59 25.203501
59 60 17.000926
59 61 16.846646
59 62 17.304004
59 63 20.314356
60 0 16.501992
60 1 15.589980
60 2 13.725882
60 3 14.789497
60 4 16.043003
60 5 17.257374
60 6 14.577275
60 7 13.401828
60 8 13.795287
60 9 16.660347
60 10 15.828776
60 11 15.792644
60 12 13.885614
60 13 15.312819
60 14 14.788558
60 15 16.509026
60 16 16.802533
60 17 14.229403
60 18 18.487280
60 19 14.239608
60 20 18.690614
60 21 15.601093
60 22 14.564642
60 23 15.657446
60 24 13.738845
60 25 14.219599
60 26 14.988351
60 27 14.247980
60 28 13.814503
60 29 15.699076
60 30 12.764274
60 31 14.409112
60 32 17.175626
60 33 15.664749
60 34 15.472419
60 35 16.395989
60 36 13.864474
60 37 13.432106
60 38 13.108223
60 39 15.160634
60 40 15.858055
60 41 16.887431
60 42 16.052178
60 43 17.426664
60 44 16.412642
60 45 14.789196
60 46 14.893431
60 47 15.797969
60 48 15.981715
60 49 17.267522
60 50 15.335379
60 51 14.627015
60 52 14.682186
60 53 15.382617
60 54 16.571722
60 55 15.620252
60 56 15.190162
60 57 17.024546
60 58 12.203006
60 59 17.000926
60 60 20.262644
60 61 15.511307
60 62 15.843531
60 63 16.554551
61 0 16.380614
61 1 15.745200
61 2 13.993000
61 3 16.326941
61 4 17.542643
61 5 16.032439
61 6 15.122281
61 7 15.891242
61 8 14.802815
61 9 16.571671
61 10 15.069847
61 11 17.163609
61 12 14.406198
61 13 16.295421
61 14 16.328556
61 15 16.406196
61 16 15.660335
61 17 15.366819
61 18 17.076971
61 19 15.373683
61 20 18.403469
61 21 16.631619
61 22 13.430134
61 23 16.375531
61 24 13.760835
61 25 16.115515
61 26 17.146305
61 27 15.580209
61 28 15.388437
61 29 15.990287
61 30 13.882849
61 31 15.932278
61 32 17.569846
61 33 17.487416
61 34 17.791499
61 35 17.388775
61 36 15.525755
61 37 15.916349
61 38 13.753486
61 39 16.812498
61 40 15.224863
61 41 17.949943
61 42 16.012827
61 43 17.503453
61 44 17.086687
61 45 16.896685
61 46 15.739433
61 47 15.671968
61 48 18.285656
61 49 17.472004
61 50 15.494411
61 51 16.426083
61 52 15.297069
61 53 15.697033
61 54 17.009937
61 55 16.837136
61 56 15.765206
61 57 15.970307
61 58 13.122538
61 59 16.846646
61 60 15.511307
61 61 21.955502
61 62 16.832424
61 63 17.751474
62 0 16.831676
62 1 17.569728
62 2 13.983668
62 3 17.379376
62 4 16.513944
62 5 16.588215
62 6 16.537557
62 7 15.700768
62 8 15.221153
62 9 17.191425
62 10 16.851945
62 11 18.095558
62 12 13.707798
62 13 17.175219
62 14 15.696351
62 15 15.764887
62 16 16.107536
62 17 14.919989
62 18 18.096787
62 19 15.403238
62 20 18.481778
62 21 16.254565
62 22 14.552533
62 23 16.258870
62 24 15.493171
62 25 15.312996
62 26 17.472843
62 27 17.180782
62 28 15.083403
62 29 16.180770
62 30 14.479953
62 31 16.453611
62 32 18.142212
62 33 17.897784
62 34 18.143687
62 35 17.815540
62 36 16.408728
62 37 15.602676
62 38 13.535816
62 39 16.861063
62 40 15.901601
62 41 18.416688
62 42 17.341877
62 43 19.120371
62 44 16.133296
62 45 15.633872
62 46 16.330338
62 47 17.752354
62 48 17.574514
62 49 18.006896
62 50 16.775060
62 51 16.733490
62 52 17.255791
62 53 16.035383
62 54 18.417116
62 55 15.087231
62 56 15.203425
62 57 17.815098
62 58 15.083090
62 59 17.304004
62 60 15.843531
62 61 16.832424
62 62 22.778107
62 63 18.677861
63 0 18.887045
63 1 18.907149
63 2 17.564301
63 3 19.724201
63 4 18.032185
63 5 18.750496
63 6 18.600311
63 7 17.247128
63 8 17.240454
63 9 19.539907
63 10 17.585291
63 11 19.257016
63 12 17.258379
63 13 18.350479
63 14 17.036171
63 15 18.333747
63 16 18.046955
63 17 15.603893
63 18 21.269530
63 19 17.882969
63 20 20.477522
63 21 16.955027
63 22 15.278152
63 23 18.290491
63 24 15.639898
63 25 17.971936
63 26 19.065825
63 27 18.438915
63 28 17.228423
63 29 18.693034
63 30 16.178868
63 31 18.165501
63 32 17.619984
63 33 19.676668
63 34 19.658625
63 35 17.786410
63 36 16.285988
63 37 17.081038
63 38 15.368713
63 39 18.579917
63 40 16.859370
63 41 20.082742
63 42 17.822124
63 43 19.902629
63 44 16.956349
63 45 17.368955
63 46 18.358550
63 47 19.531606
63 48 19.897198
63 49 19.099296
63 50 17.782776
63 51 17.074561
63 52 18.466760
63 53 17.053930
63 54 19.878550
63 55 16.833463
63 56 16.575167
63 57 18.923568
63 58 16.615194
63 59 20.314356
63 60 16.554551
63 61 17.751474
63 62 18.677861
63 63 24.530046