200 1 200
0 0 4748.538516
1 0 4967.379557
2 0 4700.528695
3 0 4932.375745
4 0 4876.208919
5 0 4870.325442
6 0 4599.235311
7 0 4820.460492
8 0 4748.362671
9 0 5008.849888
10 0 4853.415994
11 0 5089.501837
12 0 5202.682966
13 0 4912.003851
14 0 4738.590612
15 0 4855.718547
16 0 4789.108137
17 0 4780.417221
18 0 4869.035589
19 0 4447.164643
20 0 4907.457064
21 0 4895.973391
22 0 4965.091293
23 0 4531.215071
24 0 4845.190581
25 0 5129.102027
26 0 4755.015372
27 0 4775.795032
28 0 4794.440045
29 0 4571.457431
30 0 4884.885316
31 0 5071.553757
32 0 4779.917333
33 0 5077.744366
34 0 4962.034474
35 0 4508.031499
36 0 4924.799023
37 0 4616.948344
38 0 4953.265539
39 0 4905.072185
40 0 5090.987545
41 0 4875.679162
42 0 4778.796543
43 0 4740.763088
44 0 4889.432883
45 0 4841.863835
46 0 4441.954742
47 0 4939.799400
48 0 4643.610214
49 0 4796.982733
50 0 5043.576993
51 0 4845.379916
52 0 4672.004339
53 0 5363.508914
54 0 4836.291056
55 0 5271.346998
56 0 5128.828224
57 0 5032.471687
58 0 4868.027831
59 0 5008.210194
60 0 4883.823144
61 0 5058.505846
62 0 5232.326601
63 0 4712.318586
64 0 4818.225337
65 0 5023.569408
66 0 4658.885585
67 0 5198.275154
68 0 5050.311132
69 0 4436.855537
70 0 5075.899721
71 0 5055.144704
72 0 4745.359398
73 0 4621.274732
74 0 5248.246913
75 0 4906.311984
76 0 5184.069717
77 0 4774.549067
78 0 4795.160461
79 0 4944.314227
80 0 4490.634956
81 0 4689.452196
82 0 4818.582242
83 0 5063.262056
84 0 4722.555508
85 0 5001.566712
86 0 4816.174981
87 0 4954.765788
88 0 5112.693100
89 0 5338.065559
90 0 5125.719666
91 0 5005.914206
92 0 4785.752619
93 0 4902.755876
94 0 4390.072741
95 0 4933.793688
96 0 5104.685294
97 0 4724.876819
98 0 4907.098793
99 0 4906.225976
100 0 4561.549186
101 0 4587.288330
102 0 4759.751485
103 0 4735.447137
104 0 4763.306123
105 0 4855.062367
106 0 5120.772038
107 0 4670.456607
108 0 4706.172047
109 0 4684.913944
110 0 4775.656215
111 0 4661.906961
112 0 4866.754822
113 0 4644.568959
114 0 5135.408473
115 0 4608.882764
116 0 4923.155666
117 0 5103.788676
118 0 5131.032439
119 0 4715.210087
120 0 4967.148252
121 0 4864.828287
122 0 4783.215057
123 0 4874.130358
124 0 4922.985838
125 0 4741.004703
126 0 4717.932003
127 0 4979.323406
128 0 4605.866040
129 0 4852.176929
130 0 4889.756693
131 0 5016.783013
132 0 4490.502814
133 0 4736.475062
134 0 4501.346643
135 0 5140.425261
136 0 5116.091636
137 0 5036.703641
138 0 4829.577772
139 0 4854.416762
140 0 4833.841732
141 0 4938.216708
142 0 4756.500546
143 0 4804.040097
144 0 4805.269554
145 0 5206.853319
146 0 5419.748492
147 0 4820.135986
148 0 4828.678009
149 0 4650.805419
150 0 4592.534446
151 0 4644.111672
152 0 4586.535037
153 0 4799.541347
154 0 4793.257143
155 0 5078.259507
156 0 4624.693965
157 0 4766.851587
158 0 5115.837963
159 0 4698.173828
160 0 4559.247469
161 0 4739.631202
162 0 5074.619646
163 0 5007.848326
164 0 4979.665919
165 0 4805.231962
166 0 4866.252467
167 0 4940.221262
168 0 4774.731187
169 0 4756.062178
170 0 4900.283311
171 0 5076.441396
172 0 4987.862601
173 0 4836.034059
174 0 4797.942019
175 0 4557.882027
176 0 5245.429571
177 0 4912.787051
178 0 4958.204355
179 0 4925.193128
180 0 4919.430358
181 0 5074.887114
182 0 5040.440661
183 0 4775.977695
184 0 4921.899491
185 0 4928.506714
186 0 4776.732568
187 0 4598.711012
188 0 4580.238031
189 0 4698.890960
190 0 4620.036009
191 0 5002.609419
192 0 4928.604253
193 0 4710.672187
194 0 4658.427142
195 0 4998.667404
196 0 4938.352361
197 0 5037.126395
198 0 4920.200508
199 0 4852.104564