64 1 64
0 0 565.708092
1 0 556.896452
2 0 502.839597
3 0 557.292771
4 0 540.550087
5 0 557.268060
6 0 538.379986
7 0 502.881186
8 0 518.475242
9 0 567.210493
10 0 531.872038
11 0 573.894182
12 0 500.236819
13 0 551.542355
14 0 513.991681
15 0 532.211880
16 0 529.680895
17 0 493.766619
18 0 600.420828
19 0 516.877117
20 0 605.544328
21 0 524.090096
22 0 464.785519
23 0 539.495756
24 0 472.345008
25 0 504.992401
26 0 552.211452
27 0 534.512926
28 0 490.118013
29 0 532.642047
30 0 475.587081
31 0 523.331907
32 0 558.080165
33 0 574.290738
34 0 584.891179
35 0 543.327258
36 0 506.336213
37 0 490.636560
38 0 466.206374
39 0 561.665374
40 0 511.255137
41 0 585.789996
42 0 548.978644
43 0 603.223910
44 0 521.722375
45 0 507.110379
46 0 525.533768
47 0 548.977882
48 0 577.429043
49 0 561.222607
50 0 527.220547
51 0 516.062210
52 0 537.553099
53 0 531.101842
54 0 559.546185
55 0 522.552972
56 0 503.270645
57 0 581.718119
58 0 462.290766
59 0 582.516785
60 0 501.319131
61 0 527.288718
62 0 540.481137
63 0 591.532886