-0.000200272
-0.00036633
-0.000495553
-0.000632286
-0.00070107
-0.00071466
-0.000617981
-0.000496268
-0.000241518
1.16825e-05
-2.14577e-06
0.000193715
2.77758e-05
-3.17097e-05
-6.79493e-06
-0.000164986
2.20537e-05
1.26362e-05
0.000130534
0.000267625
0.000232339
0.000347972
0.000260234
0.000271797
0.000217199
0.000188231
0.0001297
0.000104189
8.10623e-06
-8.60691e-05
-0.000139236
-0.00028348
-0.000239134
-0.000267982
-0.000205278
-0.00022006
-0.000145674
-7.96318e-05
-1.52588e-05
-0.00039041
-0.00067389
-0.000905275
-0.00111699
-0.00125647
-0.00122428
-0.00107503
-0.000730276
-0.000297546
-0.000244617
0.000108361
-3.27826e-05
-1.00136e-05
-1.5974e-05
-0.000165701
-2.72989e-05
-9.82285e-05
3.68357e-05
0.000102043
0.000152469
0.00025928
0.00025177
0.000304222
0.00031352
0.000295401
0.000330448
0.000298738
0.000262499
0.000263214
0.000111103
6.46114e-05
-2.59876e-05
-0.000151157
-0.000101566
-9.98974e-05
-0.000115156
-0.000110865
-4.86374e-05
-3.09944e-06
-0.00054419
-0.000942349
-0.00123322
-0.00150836
-0.00166249
-0.00158668
-0.00128293
-0.000800371
-0.000713587
-0.000300765
-0.000350714
-0.000238657
-0.000156283
-0.000148654
-6.27041e-05
-3.6478e-05
-1.66893e-05
-8.70228e-06
3.88622e-05
1.4782e-05
0.00014019
0.00012958
0.000280738
0.000306249
0.000419259
0.000440955
0.000483036
0.000481367
0.000437021
0.000445843
0.000309229
0.000316143
0.000214338
0.00018096
0.000137568
5.31673e-05
-6.4373e-06
1.12057e-05
1.07288e-05
-0.000699639
-0.00115597
-0.00149965
-0.00180936
-0.00197554
-0.00183022
-0.00142789
-0.0013926
-0.00094223
-0.000876307
-0.000790238
-0.000571609
-0.000421643
-0.000329375
-6.09159e-05
-8.57115e-05
4.41074e-05
0.000105739
5.85318e-05
0.00025773
0.000186443
0.0004071
0.000420213
0.000547647
0.000595927
0.000616074
0.000576973
0.000541925
0.000441074
0.000358105
0.000336409
0.000235796
0.000237942
0.000255823
0.000246525
0.0001266
2.71797e-05
1.23978e-05
-3.57628e-06
-0.000767708
-0.00129938
-0.00164187
-0.00196004
-0.002105
-0.00189066
-0.00199556
-0.0016582
-0.00141644
-0.00135159
-0.00114584
-0.000910997
-0.000827789
-0.00051868
-0.000357032
-0.0001477
6.74725e-05
0.000245214
0.00041604
0.000588179
0.000713229
0.00079751
0.000908852
0.000871301
0.000931025
0.000814199
0.000762463
0.000576973
0.000510693
0.000244617
0.000248432
0.000132561
0.000128746
0.000210524
0.00026226
0.000196218
7.53403e-05
3.98159e-05
1.16825e-05
-0.00081408
-0.00129545
-0.00160074
-0.00186801
-0.00195742
-0.00227904
-0.00208569
-0.00185156
-0.0017035
-0.00157189
-0.00134706
-0.00127542
-0.00103652
-0.000819206
-0.000534892
-0.000268698
8.80957e-05
0.000355721
0.000695109
0.00094521
0.00116384
0.00134432
0.00139713
0.00149298
0.00137186
0.00138783
0.00114727
0.00102186
0.000812292
0.00058198
0.000393391
0.000340223
0.000221491
0.000318766
0.000409365
0.000360966
0.000219822
0.000123501
5.14984e-05
-0.000735283
-0.00119948
-0.00136709
-0.00154853
-0.00216532
-0.00219297
-0.00206506
-0.00199962
-0.00185657
-0.00162685
-0.00163376
-0.00148439
-0.0013746
-0.00114274
-0.000920296
-0.000510216
-0.000175953
0.000287414
0.000688076
0.00104702
0.00138462
0.00157654
0.00174832
0.00181198
0.0018146
0.0017674
0.00166512
0.00146317
0.0013144
0.00104666
0.000840425
0.000672102
0.000614882
0.000556231
0.000647545
0.000602722
0.00047183
0.000241518
0.000133514
-0.000649333
-0.000895858
-0.000939488
-0.0015986
-0.00192451
-0.00205362
-0.00208831
-0.0020653
-0.00182271
-0.001809
-0.00186062
-0.0018754
-0.00173831
-0.00172293
-0.00132215
-0.00103676
-0.000582457
-7.39098e-05
0.000336766
0.000821829
0.00115871
0.00145757
0.00168753
0.00180578
0.00191665
0.00191331
0.00189853
0.00179315
0.00165176
0.00148153
0.00125241
0.00110197
0.000975132
0.00099206
0.000970125
0.00088191
0.000757933
0.00050211
0.000209093
-0.000394106
-0.000497699
-0.00090313
-0.00120199
-0.00173569
-0.00196564
-0.0019933
-0.00188279
-0.00180125
-0.00185764
-0.00211895
-0.00205982
-0.00217462
-0.00204682
-0.00170994
-0.00143421
-0.000963569
-0.000489235
-0.000104308
0.000434041
0.000763655
0.00117755
0.00148559
0.00170374
0.00193572
0.00200415
0.00209451
0.00204825
0.00199389
0.00183868
0.00166464
0.00146174
0.00131679
0.00125599
0.00126481
0.00116396
0.000918865
0.000709295
0.000355482
-0.000143647
-0.000425696
-0.000473261
-0.00111806
-0.00165415
-0.00177634
-0.0017122
-0.00179935
-0.00180423
-0.00210559
-0.00219965
-0.0023365
-0.00234163
-0.00222182
-0.00193608
-0.00170243
-0.00128293
-0.000883937
-0.000478506
6.03199e-05
0.000455379
0.000949979
0.0013237
0.00164413
0.00189734
0.0020237
0.00210047
0.00202417
0.00198579
0.00179148
0.00169206
0.00149393
0.00138092
0.00127578
0.00122452
0.00113702
0.00100827
0.000700951
0.000419855
-0.000116944
-3.93391e-05
-0.000481725
-0.000967979
-0.00134051
-0.00144434
-0.00157499
-0.00172019
-0.00192118
-0.00204909
-0.00232506
-0.00243688
-0.0024538
-0.00233817
-0.00213206
-0.00185764
-0.00148439
-0.00108719
-0.000635028
-0.000145674
0.000305295
0.000771165
0.00113368
0.0014801
0.00167847
0.00182724
0.00188017
0.00178766
0.00172448
0.00152636
0.00140667
0.00126719
0.00120878
0.00118041
0.00115418
0.0010283
0.000879049
0.000752687
0.000385523
0.00010407
-0.000130177
-0.000317693
-0.000675678
-0.00102746
-0.0012275
-0.00129056
-0.00158703
-0.0017345
-0.00205946
-0.00230539
-0.00239849
-0.00233531
-0.00228345
-0.00209558
-0.00179911
-0.00149024
-0.00104904
-0.000598192
-0.000136495
0.000331402
0.000735998
0.00105619
0.00136042
0.00149488
0.0015955
0.00159764
0.00148129
0.00136662
0.00116134
0.0010581
0.000940084
0.000931978
0.000930071
0.000977278
0.000892878
0.000753403
0.00059104
0.000405073
-1.52588e-05
-5.49555e-05
-0.000175595
-0.000445485
-0.000796437
-0.000857592
-0.00100303
-0.00129545
-0.00168204
-0.00190306
-0.0021565
-0.00217712
-0.0021466
-0.00215876
-0.00188684
-0.00161827
-0.00129318
-0.000830173
-0.00041616
1.85966e-05
0.000443935
0.000765562
0.00103354
0.00121641
0.00131321
0.00129914
0.00124645
0.00108027
0.000913382
0.000710249
0.000559568
0.00054574
0.000562191
0.000635862
0.000683069
0.000664949
0.000561476
0.000455856
0.000276089
-3.23057e-05
-1.2517e-05
-0.000120521
-0.000276685
-0.000407457
-0.000485182
-0.000634789
-0.00113821
-0.00143576
-0.00165868
-0.00190234
-0.00196946
-0.00199604
-0.00197029
-0.00166023
-0.00141108
-0.00104666
-0.000545382
-0.000200629
0.000249743
0.000520468
0.000761509
0.000890255
0.000921249
0.000956059
0.000842571
0.000765324
0.000565052
0.000407696
0.000224352
8.9407e-05
0.000105619
0.00022769
0.000379324
0.000475645
0.00045681
0.000366449
0.000331402
0.000198126
1.58548e-05
-0.000122547
3.45707e-06
2.69413e-05
-0.000145793
-0.00013566
-0.000308752
-0.000657082
-0.00102401
-0.00130832
-0.00163031
-0.00170732
-0.00163281
-0.00155103
-0.00121617
-0.00101745
-0.000617862
-0.000225782
4.94719e-05
0.000421762
0.000587225
0.000756741
0.00083828
0.000767469
0.000763178
0.000564575
0.000450611
0.000190973
1.5974e-05
-0.000135183
-0.000244856
-0.000169754
-7.55787e-05
0.000139236
0.000253916
0.000310183
0.000212431
0.000159264
0.000149488
-9.39369e-05
4.39882e-05
4.82798e-05
6.24657e-05
0.000111461
0.000241041
0.000172973
-0.000301719
-0.000709176
-0.0010246
-0.00129938
-0.00133109
-0.00127888
-0.00120103
-0.000917912
-0.000652075
-0.000279784
5.76973e-05
0.000241756
0.000552416
0.000571012
0.000679731
0.0006423
0.000519753
0.000427008
0.000186682
6.24657e-05
-0.000219345
-0.000381231
-0.000562668
-0.000614405
-0.0005126
-0.00031352
-0.000101805
3.40939e-05
6.12736e-05
3.29018e-05
8.74996e-05
4.22001e-05
8.40425e-05
7.15256e-07
9.5129e-05
0.000190854
0.000375628
0.000606298
0.000539303
0.000164866
-0.000244975
-0.000631452
-0.000946283
-0.00102735
-0.000922918
-0.000780821
-0.000437617
-0.00020206
6.92606e-05
0.000237226
0.000379562
0.000533104
0.000537395
0.000561714
0.000495195
0.000357151
0.000208139
-5.43594e-05
-0.000252485
-0.000531197
-0.000685692
-0.000819206
-0.000829697
-0.000685692
-0.000493765
-0.000236034
-9.75132e-05
-7.31945e-05
-9.15527e-05
-2.16961e-05
6.29425e-05
0.000109434
0.000131488
9.04799e-05
0.000288248
0.000553131
0.000897646
0.000974298
0.000640392
0.000173926
-0.000286818
-0.000607252
-0.000633597
-0.000498533
-0.000289559
-3.15905e-05
0.000175834
0.000294685
0.000437617
0.000476599
0.000525236
0.000479221
0.000453472
0.000340462
0.000230312
4.43459e-05
-0.000183344
-0.000425816
-0.000725269
-0.00088644
-0.00103784
-0.000977278
-0.000827312
-0.000588894
-0.000385046
-0.000222445
-0.000214577
-0.000210762
-6.41346e-05
3.33786e-05
0.000192046
0.000208974
0.000163674
0.00021863
0.000729322
0.00120461
0.0013454
0.000993848
0.000483632
1.62125e-05
-0.000243306
-0.000261784
-0.000125647
2.81334e-05
0.000250101
0.000374675
0.00047183
0.000525594
0.000518084
0.000440836
0.000413656
0.000300407
0.000184059
5.53131e-05
-0.000160933
-0.000353336
-0.000624895
-0.000886202
-0.00107718
-0.00120926
-0.00115466
-0.000945568
-0.000692606
-0.000465393
-0.000331402
-0.000370741
-0.000289679
-0.000100613
2.7895e-05
0.000327706
0.000233412
0.000116944
0.000434875
0.000864744
0.00139594
0.00159705
0.00136936
0.000903845
0.00042665
0.000102282
5.80549e-05
0.000178218
0.000389338
0.00056386
0.000671506
0.000622869
0.000596285
0.000461578
0.000374079
0.000333548
0.000234842
0.000146627
4.52995e-05
-0.000172615
-0.000366211
-0.000656128
-0.00092411
-0.00108671
-0.00121069
-0.00112152
-0.000944853
-0.00069809
-0.000504732
-0.000351191
-0.000368118
-0.000350952
-0.0001297
6.34193e-05
0.000264525
0.000324011
0.000253558
0.000333905
0.000958323
0.00154912
0.00184166
0.00157142
0.00109661
0.00066936
0.000416279
0.000385761
0.000479341
0.000541449
0.000643611
0.000633001
0.000611067
0.000560522
0.000470638
0.000360727
0.000282288
0.000140667
3.69549e-05
-9.20296e-05
-0.000275135
-0.000437737
-0.000691652
-0.00093317
-0.00113225
-0.0012536
-0.00121403
-0.000993967
-0.000754833
-0.000548124
-0.000426531
-0.000472546
-0.000368595
-0.000132084
1.88351e-05
0.000335932
0.000301719
0.000231504
0.000549316
0.000988245
0.00162292
0.00190377
0.0017339
0.00136256
0.00100708
0.000706196
0.000627398
0.000641227
0.000660658
0.000705242
0.00067842
0.000586271
0.000523806
0.000379562
0.000310659
0.000188828
0.000114202
2.88486e-05
-8.98838e-05
-0.000215054
-0.000402212
-0.000602245
-0.000862837
-0.00101781
-0.001158
-0.00112748
-0.000969172
-0.000747919
-0.000551701
-0.000426769
-0.000415087
-0.000384331
-0.000150919
4.36306e-05
0.000259519
0.000307918
0.000367284
0.000538349
0.00104034
0.00158942
0.00193524
0.00179183
0.00151217
0.00122583
0.000923276
0.000787973
0.000750422
0.000632524
0.000658512
0.000540733
0.000471592
0.000371933
0.00026083
0.000247478
0.000133514
9.13143e-05
1.54972e-05
-0.000103951
-0.000190258
-0.000389338
-0.000543118
-0.000776291
-0.000934601
-0.00104547
-0.00108051
-0.000916719
-0.000748396
-0.000538111
-0.000413656
-0.00040102
-0.000339031
-0.000138998
1.26362e-05
0.000216365
0.00033319
0.000380635
0.000611782
0.0009377
0.00156844
0.00188613
0.00176239
0.00155854
0.00138235
0.00110269
0.000954986
0.000791788
0.000541329
0.000457883
0.000312567
0.000262022
0.000240564
0.000127077
0.000181198
5.07832e-05
4.1008e-05
-1.90735e-05
-0.000128031
-0.000159979
-0.000347376
-0.000394821
-0.000627518
-0.000751972
-0.000920057
-0.000983238
-0.000882149
-0.000715017
-0.000513554
-0.000416994
-0.000349998
-0.000316858
-0.000117302
4.52995e-06
0.000205398
0.000268221
0.000460386
0.0006423
0.00091064
0.00135696
0.00174713
0.00174797
0.00166082
0.00150597
0.00117123
0.000948071
0.000762343
0.000455499
0.000362635
0.00012064
3.67165e-05
6.19888e-06
-9.2268e-05
-1.12057e-05
-6.17504e-05
-5.96046e-06
-2.14577e-06
-5.8651e-05
-5.50747e-05
-0.000193119
-0.000236034
-0.000449181
-0.000585794
-0.000718117
-0.000825644
-0.00075531
-0.00066185
-0.000484228
-0.000341415
-0.000264168
-0.000231981
-0.00010252
2.0504e-05
0.000166535
0.000329137
0.000440359
0.000564337
0.000734091
0.00126171
0.00160873
0.00160027
0.00159061
0.00150859
0.00120986
0.000963926
0.000645399
0.000243902
7.58171e-05
-0.000178099
-0.000292778
-0.000257492
-0.000306129
-0.00019455
-0.000184059
-0.00011754
-0.000102758
-0.000121593
-7.05719e-05
-0.00014925
-0.000144243
-0.000324726
-0.000405788
-0.000574589
-0.000682831
-0.000665188
-0.00056982
-0.000396013
-0.000297308
-0.000202656
-0.000172615
-3.29018e-05
3.00407e-05
0.00012362
0.000291824
0.000458479
0.000483155
0.000572681
0.000956059
0.0014112
0.00154412
0.00158572
0.00149226
0.00116861
0.000892639
0.000558734
0.000112653
-8.79765e-05
-0.000348568
-0.000513077
-0.000521421
-0.000563145
-0.000462532
-0.000372887
-0.000238895
-0.000148058
-3.8147e-05
3.26633e-05
2.21729e-05
7.39098e-06
-0.000110865
-0.000188112
-0.000366688
-0.000486374
-0.00053072
-0.000487089
-0.000393391
-0.000241518
-0.000151873
-9.56059e-05
-5.96046e-06
3.83854e-05
0.000136375
0.000235677
0.0004071
0.000379801
0.00034523
0.000737548
0.00115967
0.00137329
0.00154173
0.00139725
0.00105953
0.000741243
0.000380993
-5.84126e-05
-0.000335693
-0.00060153
-0.000770569
-0.000798464
-0.000795841
-0.000687838
-0.000561237
-0.000407934
-0.000281572
-0.000132799
-3.76701e-05
2.38419e-07
5.50747e-05
-1.97887e-05
-7.39098e-05
-0.000262022
-0.000345707
-0.000430107
-0.000415087
-0.000312805
-0.000173807
-6.31809e-05
-9.29832e-06
4.33922e-05
8.10623e-05
-1.21593e-05
0.000258207
0.000314593
0.000198841
0.000184417
0.000488877
0.000938654
0.00121021
0.00142944
0.00137126
0.00100732
0.000639558
0.000209212
-0.000198603
-0.000472546
-0.000735521
-0.000867367
-0.000915527
-0.000931263
-0.000796318
-0.000702858
-0.000499964
-0.000362158
-0.000165701
-5.91278e-05
4.12464e-05
0.000120163
6.05583e-05
2.76566e-05
-0.000142097
-0.000197649
-0.000333786
-0.000319719
-0.000254869
-9.36985e-05
-1.12057e-05
4.36306e-05
0.00011754
5.88894e-05
-9.89437e-05
1.34706e-05
0.000322223
8.67844e-05
-0.000127196
0.000209332
0.000686526
0.00106061
0.00135386
0.00120234
0.00090909
0.000531673
0.000105143
-0.000286818
-0.000512123
-0.000809669
-0.000894785
-0.000952482
-0.000968218
-0.000810385
-0.000730038
-0.00053072
-0.000368118
-0.000221491
-7.24792e-05
-1.90735e-06
7.82013e-05
1.38283e-05
6.67572e-06
-0.000109434
-0.000178337
-0.000332832
-0.000357151
-0.000303507
-0.000136614
6.91414e-06
0.000104189
6.86646e-05
4.91142e-05
-0.000229001
-5.96046e-05
5.74589e-05
2.07424e-05
-0.000170469
-2.34842e-05
0.000421524
0.000843287
0.00122166
0.00120223
0.000835061
0.000543833
4.72069e-05
-0.000327826
-0.000515461
-0.000752926
-0.000793934
-0.000777006
-0.000807524
-0.000632048
-0.000611067
-0.000446558
-0.000347614
-0.000248194
-0.000132322
-7.27177e-05
5.72205e-06
-2.76566e-05
-7.39098e-06
-0.0001297
-0.000254631
-0.000390291
-0.00039649
-0.000292301
-4.22001e-05
8.84533e-05
0.000114679
0.000103951
4.72069e-05
-0.000429392
-0.000273466
4.08888e-05
-0.000208735
-0.0003438
-0.000113964
0.000237346
0.000650644
0.00105202
0.00106657
0.000815868
0.000509024
0.000181675
-0.000218153
-0.000341892
-0.000561476
-0.000583172
-0.000549078
-0.000531435
-0.000391483
-0.000334263
-0.000249147
-0.000168562
-0.000148773
-9.27448e-05
-9.01222e-05
-9.70364e-05
-0.000154257
-0.000205994
-0.000331879
-0.000454426
-0.000500917
-0.000497103
-0.00032568
-0.000103474
5.65052e-05
0.000101089
7.05719e-05
-2.90871e-05
-0.000432968
-0.00047791
-0.000209689
-0.000204086
-0.000465155
-0.000280738
0.000171304
0.000537395
0.000893593
0.00101233
0.000818133
0.000612974
0.000292301
4.93526e-05
-0.000157833
-0.000255585
-0.00032258
-0.000272512
-0.000249147
-0.000157595
-0.000109196
-7.27177e-05
-4.57764e-05
-4.76837e-05
-6.53267e-05
-8.13007e-05
-0.000132322
-0.000241756
-0.000279665
-0.000458002
-0.000542402
-0.000590563
-0.0005548
-0.000419855
-6.7234e-05
9.29832e-06
9.89437e-05
-1.83582e-05
1.90735e-06
-0.00049293
-0.000495791
-0.000342727
-0.000357628
-0.000371933
-0.000314713
5.85318e-05
0.000542164
0.000840306
0.000900149
0.000852585
0.000637531
0.000435591
0.000241995
0.000115156
-3.69549e-05
-5.24521e-05
-0.000112772
-8.96454e-05
-6.1512e-05
-4.74453e-05
-1.66893e-05
-3.0756e-05
-1.71661e-05
-9.65595e-05
-7.79629e-05
-0.000229836
-0.000281811
-0.000365734
-0.00051856
-0.000561714
-0.000532389
-0.000526428
-0.000201225
-2.14577e-06
0.000157356
0.000117779
5.14984e-05
6.67572e-06
-0.000430226
-0.000515342
-0.000410318
-0.000441432
-0.000450015
-0.000169277
6.29425e-05
0.000502348
0.000854611
0.000859618
0.000833035
0.000746489
0.00049448
0.00039649
0.000236034
0.000102043
3.52859e-05
-2.83718e-05
-8.53539e-05
-7.08103e-05
-0.000112295
-0.000117064
-0.000106812
-0.000161171
-0.000132799
-0.000192881
-0.000215769
-0.000298262
-0.000296354
-0.000446558
-0.000363827
-0.000370026
-0.00023222
-6.8903e-05
0.000196218
0.000248432
0.000114441
8.4877e-05
2.09808e-05
-0.000417233
-0.000472069
-0.000430107
-0.000481486
-0.000492096
-0.000248551
0.000167608
0.000444651
0.000855923
0.000871181
0.000789404
0.000734329
0.000577211
0.000405788
0.000360012
0.000129461
4.93526e-05
-6.7234e-05
-0.00021863
-0.000183821
-0.000308752
-0.000227213
-0.000251532
-0.000202179
-0.000177383
-0.000155687
-0.00018239
-0.000175476
-0.000195265
-0.000240088
-0.000173569
-0.000150919
-0.000110149
0.000120163
0.000263691
0.000156641
5.53131e-05
3.09944e-05
2.38419e-06
-0.000307679
-0.000401378
-0.000387907
-0.000456691
-0.000474811
-0.000303388
5.28097e-05
0.000485897
0.000670552
0.000887156
0.000757933
0.000680923
0.000535965
0.000363827
0.000254393
0.000109434
-1.90735e-06
-0.000103951
-0.000174046
-0.000243664
-0.000241518
-0.00028348
-0.000226736
-0.00023365
-0.000169039
-0.000149727
-0.000121117
-9.72748e-05
-9.58443e-05
-7.41482e-05
-7.9155e-05
-4.17233e-05
1.21593e-05
0.000102043
0.000133038
6.38962e-05
1.43051e-06
3.52859e-05
2.28882e-05
-0.000210881
-0.000268459
-0.000279546
-0.000344396
-0.000374317
-0.000270247
-8.28505e-05
0.000258803
0.000587463
0.000605106
0.000746727
0.000562906
0.00044775
0.000328064
0.0001297
0.000104189
-1.88351e-05
-1.52588e-05
-3.8147e-05
-5.14984e-05
-2.90871e-05
-5.8651e-05
-4.45843e-05
-5.31673e-05
-6.4373e-05
-3.71933e-05
-5.76973e-05
-6.1512e-05
-3.76701e-05
-0.000117779
-0.000100613
-9.75132e-05
-0.000144243
-2.00272e-05
3.95775e-05
-6.4373e-06
-5.72205e-06
3.57628e-05
5.72205e-05
-9.32217e-05
-0.000134587
-0.000150084
-0.000200987
-0.000213265
-0.000173569
-5.73397e-05
6.55651e-05
0.000266075
0.000406742
0.000364542
0.000434399
0.000267744
0.000172615
0.000133991
-1.69277e-05
5.65052e-05
1.57356e-05
5.4121e-05
0.000119686
7.39098e-05
0.000132799
6.8903e-05
7.08103e-05
3.62396e-05
2.19345e-05
-1.09673e-05
-1.43051e-05
-6.10352e-05
-0.000110149
-0.000110149
-0.000185966
-0.000117064
-9.13143e-05
-4.41074e-05
-6.7234e-05
-2.6226e-05
3.19481e-05
4.95911e-05
