0.000102162
0.000197172
0.000124693
0.000115752
0.000102043
0.000122786
7.80821e-05
7.14064e-05
-1.90735e-05
-0.000184894
-0.000216484
-0.000339985
-0.000252247
-0.000173926
-0.000121236
0.000145197
4.02927e-05
2.16961e-05
7.56979e-05
-3.63588e-05
4.06504e-05
4.47035e-05
-9.64403e-05
-0.000143647
-0.000231266
-0.000393748
-0.000151515
-5.00679e-05
8.24928e-05
0.000334263
0.000295639
0.00027132
0.000262737
0.000328541
0.000194311
0.000114202
0.000100613
0.000111341
0
0.000199556
0.000164986
0.000212789
0.000118256
0.000243187
0.00027287
0.000200391
0.000157714
-8.41618e-05
-0.000191927
-0.000428438
-0.000485897
-0.000436664
-0.000361681
-0.000122547
-7.27177e-06
0.000118852
0.000102162
0.000140548
0.000240922
0.000265479
0.000184298
9.85861e-05
-0.000183225
-0.000381708
-0.000320315
-0.000240326
5.126e-05
0.000319242
0.00037694
0.000445604
0.000493288
0.000541687
0.000481606
0.000350952
0.000230074
0.000152111
0.000167608
0.000103951
0.000146508
0.000198245
0.00035584
0.000230312
0.000297546
0.000285983
0.000115752
-5.84126e-06
-0.00020647
-0.000284314
-0.000537038
-0.00050509
-0.000517249
-0.000463486
-0.000220656
-6.65188e-05
0.000171781
0.000276804
0.000444651
0.000566244
0.000513911
0.000341535
0.000122905
-0.000174165
-0.000319004
-0.00032115
-0.00014472
6.55651e-05
0.000246048
0.000433207
0.000416994
0.000527859
0.000572443
0.000605345
0.000420094
0.000261784
0.000286341
0.000196934
2.3365e-05
0.000102162
9.82285e-05
0.000206232
0.000307441
0.000339389
0.000323296
0.000124931
-1.69277e-05
-0.000342369
-0.000482678
-0.000669479
-0.000780225
-0.000701547
-0.000555873
-0.000336409
-8.9407e-06
0.000173211
0.000254631
0.000533104
0.000397682
0.000555277
0.000352979
3.0756e-05
-0.000148177
-0.000453472
-0.000442266
-0.000215054
2.74181e-05
0.000218868
0.000414133
0.000310421
0.000543594
0.000748873
0.000761986
0.000606537
0.000563622
0.000342369
0.000298262
0.000159502
0.000123382
0.000226617
0.00027132
0.000344396
0.000336528
0.000229955
3.6478e-05
-0.00021553
-0.000386
-0.000611782
-0.000807047
-0.000937581
-0.000884771
-0.00067091
-0.00043416
-2.63453e-05
0.000182629
0.000444889
0.000603557
0.000633836
0.000636339
0.000533342
0.000251651
-8.10623e-06
-0.000148058
-0.000317574
-0.000167608
0.000179291
0.000326872
0.00041604
0.000605822
0.000592709
0.000740051
0.000789404
0.000642061
0.000589848
0.00050807
0.000408649
0.000120401
0.000172496
0.000303507
0.000332236
0.00034678
0.000254273
9.67979e-05
-0.000111461
-0.000341177
-0.000488758
-0.00072515
-0.00084269
-0.000963092
-0.000999928
-0.000792503
-0.000570059
-0.000216484
0.0001688
0.000448585
0.000661731
0.000822186
0.000794053
0.000755072
0.000549793
0.000253201
9.27448e-05
-7.15256e-07
-2.38419e-05
0.000313997
0.00059104
0.000541925
0.00064826
0.000793695
0.000753403
0.000811815
0.000705719
0.000679493
0.000458717
0.000382662
0.000163078
0.000111103
0.000260949
0.000119925
0.000151038
4.78029e-05
-0.000112057
-0.000254512
-0.000468612
-0.000586748
-0.000761867
-0.000865698
-0.000900626
-0.000978947
-0.000828743
-0.000644565
-0.000305891
3.63588e-05
0.000347853
0.000606179
0.000816464
0.000876307
0.000837564
0.000679135
0.000365734
0.000216722
1.90735e-06
0.000161648
0.000412464
0.000606537
0.000602961
0.000661135
0.000782013
0.000845194
0.000763893
0.000703812
0.000662804
0.000566959
0.000346422
0.000152349
0.000120997
0.000143886
-6.71148e-05
-7.60555e-05
-0.000265598
-0.000352979
-0.00047636
-0.000686884
-0.000664711
-0.000834942
-0.000778079
-0.000873208
-0.000864029
-0.000859857
-0.000636458
-0.000326157
-1.80006e-05
0.00041151
0.00065577
0.000908971
0.000927329
0.000899911
0.000655532
0.000468493
0.000244856
0.000139236
0.000161409
0.000432253
0.000559568
0.000608683
0.000741005
0.0008111
0.0008111
0.000848532
0.000761747
0.000739574
0.00073719
0.000545025
0.000105619
-1.81198e-05
-0.000127792
-0.000262618
-0.00046742
-0.000464082
-0.000540018
-0.000654697
-0.000708699
-0.000770688
-0.000883818
-0.000926614
-0.000918269
-0.00105524
-0.000814319
-0.000631213
-0.000151038
0.000192285
0.000478148
0.00080657
0.00094521
0.00104547
0.00108087
0.000933409
0.000664473
0.00054884
0.000263453
0.000415325
0.000614405
0.000748158
0.000767469
0.000880003
0.000873804
0.000880718
0.00082159
0.000860929
0.00071311
0.000608206
0.00059104
0.000289917
-0.000124574
-0.000208259
-0.000356674
-0.000562549
-0.000659108
-0.000790358
-0.00086391
-0.000961185
-0.000976443
-0.00113034
-0.00105619
-0.00105
-0.000956893
-0.00067389
-0.000416636
3.24249e-05
0.000455141
0.000793695
0.00120461
0.00140989
0.00143409
0.00138271
0.00119901
0.00104666
0.000876188
0.000839233
0.000739574
0.000838041
0.00082016
0.000849247
0.00104642
0.000998259
0.00091958
0.000746727
0.000560522
0.000658512
0.000673294
0.000429392
0.000133038
-0.000227213
-0.000431776
-0.000602722
-0.000753999
-0.000912666
-0.000920892
-0.000999808
-0.000981331
-0.00105155
-0.00112808
-0.00115311
-0.00105178
-0.000885963
-0.000553846
-0.000187635
0.000234485
0.00064528
0.000992417
0.00130606
0.00155997
0.00159729
0.00159049
0.00157046
0.00138545
0.00143695
0.00129151
0.00114775
0.00107622
0.00102258
0.00103498
0.00111198
0.00117564
0.00100684
0.000823021
0.000647306
0.000465393
0.000455618
0.000326157
0.000104427
-0.000357866
-0.000549316
-0.000615716
-0.000941515
-0.00108337
-0.00114751
-0.00114775
-0.0011121
-0.00112259
-0.00116777
-0.00107622
-0.0009166
-0.000577807
-0.000207663
0.000197291
0.000589728
0.000929236
0.00126243
0.00153744
0.00180435
0.00185406
0.00185299
0.00175691
0.00184131
0.00175524
0.0017488
0.00154734
0.00127745
0.00111985
0.00116611
0.00120044
0.00113034
0.00115275
0.000869274
0.000612497
0.000512123
0.000411987
0.000241041
-1.21593e-05
-0.000306964
-0.000549912
-0.000691652
-0.000957727
-0.00114751
-0.00128913
-0.0012877
-0.00123537
-0.00131547
-0.00111938
-0.00094223
-0.000576019
-0.000103951
0.000310779
0.000745177
0.00101316
0.001369
0.00174224
0.00202918
0.00228226
0.00224674
0.00207353
0.00203156
0.00207281
0.00224066
0.00215673
0.0019002
0.00148535
0.00124002
0.00116038
0.00113559
0.00124645
0.00106406
0.00083971
0.000617981
0.000551939
0.000386477
9.82285e-05
1.43051e-06
-0.00030899
-0.000514746
-0.000647664
-0.000860095
-0.00102019
-0.00110805
-0.00121057
-0.00119019
-0.00116789
-0.000908136
-0.000681162
-0.000275493
0.000245094
0.000697494
0.00120485
0.00161517
0.00199211
0.0023061
0.00253236
0.00249934
0.00252247
0.00242043
0.00233531
0.00262666
0.00269675
0.00261426
0.00229216
0.00183153
0.00153804
0.00141931
0.0012176
0.00102973
0.001086
0.000903845
0.000707865
0.000448704
0.000217915
0.00013423
1.19209e-05
-0.000197768
-0.000279069
-0.000391603
-0.000615239
-0.000675797
-0.000827074
-0.000887513
-0.000923514
-0.000891566
-0.000682712
-0.000349402
3.40939e-05
0.000554085
0.00106275
0.00159454
0.00209701
0.0024575
0.00276482
0.00285375
0.00286043
0.00285769
0.00274086
0.00281096
0.00300431
0.00312734
0.00308299
0.00270844
0.0020771
0.0017252
0.0014925
0.00113368
0.000930071
0.000797033
0.000758648
0.000486851
0.00032258
0.000154257
6.58035e-05
-2.14577e-05
5.03063e-05
-6.54459e-05
-0.000108719
-0.000139475
-0.000198126
-0.000313401
-0.000413537
-0.000474691
-0.000391245
-0.000192285
2.52724e-05
0.000414371
0.000731707
0.00141501
0.00198472
0.00254595
0.00295424
0.00306427
0.00319374
0.00305843
0.00299668
0.00294375
0.00301552
0.00322628
0.00330973
0.00314736
0.00276995
0.00214481
0.00176954
0.00146985
0.00112462
0.000646591
0.000452757
0.000352621
0.000364065
0.000115871
-0.000144005
-6.91414e-05
0.000113487
3.03984e-05
0.000162125
0.000249743
0.000199437
0.000242114
0.000242352
0.000128388
3.42131e-05
0.00015831
0.000321627
0.000581503
0.00081265
0.00118506
0.00180042
0.00238383
0.0029434
0.00321138
0.00332725
0.0032146
0.00297117
0.00293732
0.00276232
0.0029366
0.00304651
0.00298429
0.00281143
0.00239849
0.00184631
0.00146079
0.00130081
0.000699282
0.000157833
9.44138e-05
7.53403e-05
-0.000152111
-0.000233889
-0.000246286
-0.000129461
-0.000121832
6.9499e-05
0.0002141
0.000447035
0.000452042
0.000666022
0.00069809
0.000617504
0.000634074
0.000619411
0.000890255
0.00108743
0.00135207
0.00171256
0.0022893
0.00278103
0.00315177
0.00338721
0.00332832
0.00315118
0.00280929
0.00273013
0.00254917
0.00258589
0.0026679
0.00263524
0.00233603
0.00194287
0.00127625
0.000962973
0.00073266
0.000267744
-0.000162601
-0.000334024
-0.000302076
-0.000405788
-0.000478029
-0.000336409
-0.000270605
-0.000171185
0.000126243
0.000283241
0.000683069
0.000771999
0.000916362
0.000989437
0.000937223
0.000972867
0.00103045
0.0013895
0.00155616
0.00178421
0.00222206
0.00270402
0.0030638
0.00342989
0.00346184
0.00333738
0.00305605
0.00259113
0.00247598
0.00215149
0.00217271
0.00226188
0.00213981
0.00184393
0.00140309
0.000772953
0.000469208
0.000497341
-3.98159e-05
-0.000442028
-0.000500441
-0.000521421
-0.000601292
-0.00041461
-0.000387669
-0.000292063
-0.00018549
3.31402e-05
0.000366092
0.000777006
0.000683069
0.000991821
0.00113857
0.00111938
0.00124097
0.00119364
0.00164294
0.00182533
0.0020889
0.00257552
0.00282288
0.00322068
0.00344932
0.00335693
0.00314283
0.00275254
0.00223494
0.0021019
0.00178909
0.00178742
0.00185776
0.00169086
0.00136375
0.00114512
0.000625849
0.000400305
0.000337839
-0.000197411
-0.000499249
-0.000460625
-0.000443935
-0.00074482
-0.00071907
-0.000242472
-0.000256777
-0.000316143
0.000116587
0.000360489
0.000738025
0.00082922
0.000958562
0.00107181
0.0010916
0.00112605
0.00118709
0.00154638
0.00175762
0.00202
0.00242198
0.00278699
0.00316191
0.00341618
0.00340378
0.00319028
0.00279546
0.00224948
0.00203514
0.00170326
0.0017662
0.00189495
0.00186443
0.00158715
0.00128102
0.00074482
0.000490427
0.000526428
8.58307e-06
-0.000311852
-0.000380039
-0.000478745
-0.000659227
-0.000546932
-0.000405073
-0.000264168
-0.000230312
6.34193e-05
0.000276566
0.000529289
0.00054121
0.0007478
0.000861764
0.000869632
0.000908375
0.000961661
0.00124347
0.00146365
0.00176883
0.00201416
0.00249135
0.00289893
0.00322866
0.00322461
0.00304317
0.00260043
0.00209808
0.00187898
0.00176096
0.00189066
0.00219917
0.00225425
0.00199318
0.00175905
0.00129557
0.00112891
0.000943184
0.000538826
6.79493e-05
-3.14713e-05
-0.000125885
-0.000460863
-0.000540257
-0.00045085
-0.00028348
-9.48906e-05
-3.65973e-05
0.000152111
0.000242472
0.000185847
0.000297546
0.000439167
0.000467181
0.000395298
0.00057447
0.000734568
0.00111854
0.00132358
0.00165093
0.00210822
0.00270569
0.00310683
0.00321412
0.0030303
0.00261211
0.00213432
0.00198364
0.00193357
0.00233054
0.00269055
0.00277662
0.00262237
0.00241303
0.00208473
0.00183225
0.00166154
0.00103498
0.000515699
0.000452757
0.000304699
-0.000171185
-0.000511169
-0.000331163
-0.000141144
-0.000209808
-0.000111103
-0.000167251
-0.000152707
-0.000204682
-0.000175834
-9.40561e-05
-9.90629e-05
-6.12736e-05
2.30074e-05
0.000334263
0.000619411
0.00110853
0.00134742
0.002051
0.00255227
0.00302458
0.00312471
0.00292206
0.00263977
0.00219417
0.00208688
0.00225353
0.0026629
0.0031817
0.00350213
0.00334907
0.00315499
0.00270343
0.00242639
0.00204039
0.00160718
0.00108218
0.000929594
0.000689745
0.00031805
-3.33786e-06
-0.000249863
-0.000140905
-1.45435e-05
-0.000271678
-0.000440478
-0.000466824
-0.000699759
-0.000586271
-0.000559211
-0.000502348
-0.000515461
-0.000324726
-8.36849e-05
0.000461578
0.000827312
0.00137067
0.00190473
0.00246477
0.00286722
0.00287533
0.002774
0.00241256
0.00200844
0.00203967
0.00224733
0.00269604
0.00340056
0.00368214
0.00364685
0.00336719
0.00295687
0.00270104
0.00240636
0.00189924
0.00153637
0.00143957
0.00134587
0.000799894
0.000303268
0.000155687
-9.53674e-06
-4.17233e-05
-0.000401616
-0.000519276
-0.00060463
-0.00084281
-0.000897646
-0.000797272
-0.000887632
-0.000748515
-0.000705004
-0.000198483
0.000196934
0.00071609
0.00121891
0.00175619
0.00231504
0.00260711
0.00260735
0.00241637
0.00210547
0.00167084
0.001755
0.00197983
0.00245118
0.00318098
0.00352907
0.00339293
0.00319409
0.00293326
0.0027616
0.00244451
0.00206399
0.00176573
0.00184345
0.00162029
0.00105429
0.000601053
0.000362635
0.000224352
-0.000192165
-0.000255108
-0.000438213
-0.000525713
-0.000738621
-0.000843644
-0.000885367
-0.000804424
-0.000807285
-0.00065887
-0.00038147
3.57628e-07
0.000430465
0.000903726
0.0013808
0.00189257
0.00211024
0.00207376
0.00192475
0.00160861
0.00145864
0.00150061
0.00176311
0.00227785
0.00293398
0.00322938
0.00315642
0.00301361
0.002882
0.00265121
0.0024786
0.00221205
0.002069
0.00197649
0.00165534
0.00117588
0.000879288
0.000643969
0.000152349
4.81606e-05
-0.000190616
-0.00028193
-0.000332952
-0.000558019
-0.000569701
-0.00058639
-0.00057447
-0.000558972
-0.00047493
-0.000347495
-0.000152707
9.46522e-05
0.000394225
0.000851393
0.00122762
0.0015018
0.00149465
0.00126243
0.00100327
0.000958204
0.00104642
0.00144553
0.00204158
0.00261235
0.00286794
0.0029161
0.00290728
0.00282264
0.00279903
0.00264144
0.00243998
0.00216579
0.0021596
0.00183725
0.00138426
0.00102091
0.000727892
0.000549316
8.55923e-05
-7.14064e-05
-4.79221e-05
-0.000234008
-0.000306249
-0.000381231
-0.000266314
-0.0003438
-0.000395775
-0.000313401
-0.000338554
-0.00020647
-9.42945e-05
0.000128984
0.000509501
0.000837088
0.00110507
0.00110054
0.000917435
0.000705719
0.000730753
0.000807762
0.00129724
0.00185394
0.00231194
0.0026238
0.00269628
0.00262809
0.00278902
0.00272942
0.00257754
0.00237131
0.00217962
0.0020957
0.00183725
0.00139761
0.000948906
0.000967741
0.000727892
0.000251055
0.000127673
5.61476e-05
-1.04904e-05
-0.00014019
-0.000172019
-0.000209212
-0.000232816
-0.000302553
-0.000217438
-0.000248551
-0.000115633
1.90735e-06
8.27312e-05
0.000452757
0.000625372
0.000858307
0.000935555
0.000682116
0.000691652
0.00064373
0.000787973
0.00112057
0.00161839
0.00191283
0.00223017
0.0022788
0.00235796
0.00254631
0.00251198
0.00231147
0.00218248
0.00198913
0.00184369
0.00162482
0.00121331
0.00123405
0.00111103
0.000816107
0.00046277
0.000129342
8.4281e-05
2.38419e-07
-0.000189781
-1.65701e-05
-2.32458e-05
-8.4281e-05
-2.75373e-05
1.35899e-05
7.52211e-05
7.15256e-05
0.000146508
0.000117779
0.00033021
0.000362396
0.000597239
0.000451326
0.000251293
0.000200272
0.000137806
0.00032258
0.000775099
0.00110412
0.00147653
0.0017364
0.00178814
0.00200629
0.00227237
0.00226831
0.0021019
0.0019424
0.00172448
0.00174713
0.00162268
0.00157046
0.00121903
0.00111079
0.00106668
0.000498533
0.000199556
0.000255466
0.000130892
0.000133753
7.90358e-05
0.000144243
8.30889e-05
3.05176e-05
0.000112891
0.000103831
0.000244737
0.000181198
0.000334501
0.000225306
0.00027442
0.000229359
8.82149e-06
-4.72069e-05
-0.000143528
-7.39098e-05
0.000101328
0.000388384
0.000674248
0.0010426
0.00134993
0.00151587
0.00175977
0.00196934
0.00200367
0.00188303
0.00168824
0.00176692
0.0017271
0.00171781
0.00140238
0.00126958
0.00125456
0.000914335
0.000285864
0.000198722
0.000412107
0.000289917
0.000410914
0.000337362
0.000260234
0.000227094
0.000112414
0.000139356
9.67979e-05
7.83205e-05
0.000197649
0.000145912
0.000265598
0.00016427
8.63075e-05
-2.02656e-05
-0.000214577
-0.000198364
-7.7486e-05
3.12328e-05
0.000321627
0.000632763
0.000914574
0.00127673
0.00152946
0.0017159
0.00194454
0.00198245
0.00175214
0.00168133
0.00171781
0.00168633
0.00143886
0.00129676
0.00117588
0.00100636
0.000603676
0.000269413
0.000282407
0.000376821
0.000441194
0.000494599
0.000482321
0.000386596
0.000269055
0.000193477
0.000150323
5.24521e-06
-1.90735e-05
-5.24521e-06
1.4782e-05
0.00016427
0.000178099
8.4877e-05
4.48227e-05
-0.000120878
-0.000171185
-6.48499e-05
-8.55923e-05
0.000192165
0.000450611
0.000668764
0.00115824
0.00135636
0.00140429
0.00167894
0.00177693
0.00156975
0.00157332
0.00170016
0.001436
0.00142956
0.00118041
0.00114965
0.00079298
0.00059557
0.000259876
0.000158906
0.000237226
0.00026536
0.000385284
0.000406027
0.000402331
0.000303745
0.000251055
0.000246644
-1.38283e-05
-4.00543e-05
-0.000107527
-1.81198e-05
0.000184774
0.000120401
0.00027442
-2.86102e-05
-0.000117779
-0.000207663
-0.000321627
-0.000280619
-0.000169516
-3.83854e-05
0.000220299
0.000626087
0.000760317
0.000956297
0.00127101
0.00131226
0.00118256
0.00149965
0.00135827
0.00131416
0.00121021
0.00106978
0.00103164
0.000788212
0.000605583
0.000205994
9.85861e-05
0.000121832
0.000142574
0.000344396
0.000370502
0.000418901
0.000330091
0.00033474
0.000223279
0.000122309
-3.67165e-05
-4.41074e-05
6.65188e-05
0.000100374
0.000137806
0.000127792
-9.53674e-06
-0.000222683
-7.4625e-05
-0.000371933
-0.000245571
-0.000279188
-0.000418186
-6.50883e-05
8.65459e-05
0.000347137
0.000663519
0.000888586
0.000889778
0.0011723
0.00110579
0.00121427
0.00120735
0.00117803
0.00103951
0.00101256
0.000601768
0.000468731
0.000164509
0.000128865
0.000146389
0.000271916
0.000224113
0.000351787
0.000296593
0.000285625
0.000341892
0.000196695
0.00023675
-1.16825e-05
2.81334e-05
2.98023e-05
-3.0756e-05
4.86374e-05
-7.41482e-05
-7.86781e-05
-0.000103235
-0.000119925
7.62939e-06
-0.000126839
-0.000239134
-0.000212431
-0.000248194
2.59876e-05
0.000212193
0.000494957
0.000634193
0.000914335
0.00104666
0.00105858
0.00119376
0.00101089
0.000840664
0.000760317
0.000576735
0.000400066
0.000226021
2.90871e-05
0.000160336
0.000157952
0.000192642
0.000189185
0.000293374
0.000280142
0.000216365
0.000306487
0.000232458
0.000114202
-3.40939e-05
-8.01086e-05
-8.10623e-05
-4.1008e-05
3.69549e-05
-2.07424e-05
-4.22001e-05
-0.000148535
-0.000165701
-0.000102758
-8.98838e-05
-0.000139713
-6.65188e-05
-0.000167847
-0.000139475
9.36985e-05
5.62668e-05
0.00049901
0.000730515
0.000803709
0.00102377
0.000902414
0.000666142
0.000628948
0.000590086
0.000448942
0.0002141
0.000191689
3.43323e-05
4.88758e-05
0.000153422
5.29289e-05
0.000143528
8.73804e-05
0.000120282
9.2268e-05
4.18425e-05
0.000131607
-6.48499e-05
-3.86238e-05
-0.00014019
-8.79765e-05
2.3365e-05
-3.91006e-05
0.000170946
-3.93391e-05
-0.000130892
-8.72612e-05
-0.000226259
-0.000158072
-2.36034e-05
-0.000194788
-8.63075e-05
-9.77516e-05
-0.000311136
9.29832e-06
8.15392e-05
0.000252724
0.000531912
0.000504971
0.00033927
0.000309706
0.000311613
0.000233889
0.000148773
5.29289e-05
3.52859e-05
-5.91278e-05
