-0.000224352
-0.000442982
-0.000662446
-0.000877261
-0.0010854
-0.00129294
-0.00147867
-0.00167322
-0.00184321
-0.00201285
-0.00215638
-0.00230265
-0.0024178
-0.00253391
-0.00261962
-0.00270784
-0.0027591
-0.00281179
-0.00282729
-0.00284708
-0.00282896
-0.00281167
-0.00275981
-0.00270772
-0.00261879
-0.00253797
-0.00241899
-0.00230718
-0.00216126
-0.00201559
-0.00184798
-0.00167203
-0.00148201
-0.00129175
-0.00108743
-0.000876904
-0.000664234
-0.000445127
-0.00021553
-0.00044632
-0.000884175
-0.00132489
-0.00174761
-0.00217009
-0.00256562
-0.00296438
-0.00332272
-0.00368536
-0.00400043
-0.00431705
-0.0045737
-0.00483799
-0.0050391
-0.00524306
-0.00537908
-0.00551963
-0.00558722
-0.00565767
-0.00565767
-0.00565934
-0.00558841
-0.00551915
-0.00538158
-0.005247
-0.00503945
-0.00483632
-0.0045774
-0.00431967
-0.00399971
-0.00368977
-0.00332475
-0.00296593
-0.00257373
-0.00217009
-0.00175214
-0.00132346
-0.000884295
-0.000443697
-0.000662804
-0.00132585
-0.00196934
-0.00261724
-0.00322855
-0.003842
-0.00441086
-0.00497723
-0.00548315
-0.00598729
-0.00641668
-0.00685239
-0.00719595
-0.0075475
-0.00779939
-0.00805354
-0.00820935
-0.00836372
-0.0084157
-0.0084728
-0.00841928
-0.00836766
-0.0082109
-0.00805807
-0.00780189
-0.00754786
-0.00719929
-0.00685358
-0.0064218
-0.00599194
-0.00548887
-0.00498247
-0.00441575
-0.0038476
-0.00323343
-0.00261617
-0.00197291
-0.00132871
-0.000666857
-0.00087738
-0.00174928
-0.00261497
-0.00345206
-0.00429106
-0.00507295
-0.00585639
-0.00656939
-0.00727916
-0.00790036
-0.00852501
-0.00904059
-0.00955868
-0.00995648
-0.0103587
-0.0106262
-0.0109013
-0.0110391
-0.0111768
-0.0111777
-0.0111794
-0.0110385
-0.0109057
-0.0106318
-0.0103613
-0.00995755
-0.00956583
-0.00904441
-0.00852871
-0.00791001
-0.00728321
-0.00657058
-0.00585938
-0.00507355
-0.00429368
-0.00345111
-0.00261879
-0.00175047
-0.000883818
-0.00108588
-0.00217128
-0.00322998
-0.00428891
-0.00529361
-0.00630176
-0.0072279
-0.00816035
-0.00898492
-0.00981438
-0.0105193
-0.0112314
-0.0117972
-0.0123695
-0.0127847
-0.0132043
-0.0134567
-0.0137135
-0.0137986
-0.0138854
-0.0137986
-0.0137174
-0.0134594
-0.0132093
-0.0127871
-0.0123756
-0.0118036
-0.0112376
-0.0105274
-0.00982094
-0.00899005
-0.00816178
-0.00723195
-0.00630689
-0.00529885
-0.00429082
-0.00323081
-0.0021739
-0.00108695
-0.00129116
-0.00256765
-0.00384259
-0.0050714
-0.00630188
-0.00745118
-0.0086031
-0.00964761
-0.0106951
-0.0116081
-0.012524
-0.0132792
-0.0140432
-0.0146267
-0.0152179
-0.0156145
-0.0160177
-0.0162159
-0.0164236
-0.0164189
-0.0164242
-0.0162174
-0.0160216
-0.0156184
-0.0152225
-0.0146325
-0.0140505
-0.0132871
-0.0125287
-0.0116119
-0.0107024
-0.00965214
-0.00861287
-0.00745463
-0.00630331
-0.00507712
-0.00384903
-0.00256968
-0.00129867
-0.00148237
-0.00296557
-0.00440955
-0.00585592
-0.00722814
-0.00860393
-0.00986922
-0.0111395
-0.0122693
-0.0134039
-0.0143651
-0.015334
-0.0161108
-0.0168912
-0.0174563
-0.0180316
-0.0183735
-0.0187247
-0.0188378
-0.0189613
-0.0188406
-0.0187283
-0.0183758
-0.0180339
-0.0174646
-0.016896
-0.0161166
-0.0153456
-0.0143778
-0.013412
-0.0122786
-0.0111475
-0.00987983
-0.00861001
-0.00723314
-0.00586152
-0.00442076
-0.00296831
-0.00148129
-0.00167263
-0.00332451
-0.0049758
-0.00656652
-0.00815916
-0.00964713
-0.0111383
-0.01249
-0.0138463
-0.0150262
-0.0162133
-0.0171947
-0.0181797
-0.0189402
-0.0197045
-0.0202156
-0.02074
-0.0209973
-0.0212628
-0.021259
-0.021265
-0.0210004
-0.0207433
-0.0202219
-0.0197082
-0.018944
-0.0181899
-0.0172036
-0.0162251
-0.0150361
-0.0138552
-0.0125015
-0.0111473
-0.00965571
-0.00817251
-0.00657582
-0.0049808
-0.00332499
-0.00167179
-0.00184202
-0.00368381
-0.00548136
-0.00728071
-0.00898695
-0.0106933
-0.0122659
-0.0138471
-0.0152512
-0.0166589
-0.0178562
-0.0190611
-0.0200251
-0.0209943
-0.0216998
-0.0224116
-0.0228381
-0.0232773
-0.0234182
-0.0235689
-0.0234201
-0.0232775
-0.0228429
-0.0224171
-0.0217056
-0.0210056
-0.020035
-0.0190744
-0.0178661
-0.0166709
-0.0152647
-0.0138576
-0.0122795
-0.010704
-0.008991
-0.0072844
-0.00548959
-0.00368786
-0.00184536
-0.00201213
-0.00399983
-0.00598729
-0.00789988
-0.00981486
-0.0116045
-0.0134034
-0.0150287
-0.016661
-0.0180813
-0.0195081
-0.0206864
-0.0218738
-0.0227853
-0.0237014
-0.0243217
-0.0249492
-0.0252601
-0.0255822
-0.0255762
-0.0255827
-0.0252639
-0.0249527
-0.0243261
-0.0237143
-0.0227962
-0.0218875
-0.0206974
-0.0195186
-0.0180893
-0.0166712
-0.015038
-0.0134094
-0.0116131
-0.00982499
-0.00790668
-0.00599599
-0.00400281
-0.00201058
-0.00215662
-0.00431597
-0.0064162
-0.00852287
-0.0105215
-0.0125204
-0.0143635
-0.0162135
-0.0178553
-0.0195041
-0.020908
-0.0223206
-0.0234464
-0.0245843
-0.0254077
-0.0262423
-0.0267419
-0.0272532
-0.0274198
-0.0275965
-0.027421
-0.027258
-0.0267467
-0.0262518
-0.0254152
-0.0245888
-0.0234594
-0.0223315
-0.0209205
-0.0195215
-0.0178661
-0.0162244
-0.0143776
-0.0125303
-0.0105257
-0.00853133
-0.00642109
-0.00431991
-0.00216055
-0.00230408
-0.00457561
-0.00684988
-0.00903869
-0.0112308
-0.0132812
-0.0153311
-0.0171942
-0.0190618
-0.0206864
-0.0223202
-0.0236679
-0.0250276
-0.0260681
-0.0271193
-0.0278251
-0.0285467
-0.0289
-0.0292698
-0.0292637
-0.0292726
-0.0289061
-0.0285518
-0.0278358
-0.0271313
-0.0260854
-0.0250425
-0.0236852
-0.0223286
-0.0207014
-0.0190732
-0.0172079
-0.0153465
-0.0132902
-0.0112369
-0.00904441
-0.0068543
-0.00457478
-0.00230384
-0.00241923
-0.00483871
-0.00719738
-0.00955892
-0.0117965
-0.0140426
-0.0161084
-0.0181819
-0.0200212
-0.021874
-0.0234455
-0.025027
-0.0262904
-0.0275652
-0.0284898
-0.0294255
-0.0299869
-0.0305629
-0.0307469
-0.0309435
-0.0307475
-0.0305653
-0.0299947
-0.029434
-0.0284998
-0.0275757
-0.0263042
-0.0250411
-0.0234601
-0.0218847
-0.0200391
-0.018193
-0.0161254
-0.0140541
-0.0118093
-0.00956321
-0.00720072
-0.00484085
-0.00241613
-0.00253463
-0.00503862
-0.00754571
-0.00995505
-0.0123688
-0.014626
-0.0168904
-0.018937
-0.0209916
-0.0227823
-0.02458
-0.0260684
-0.0275666
-0.028711
-0.0298678
-0.0306495
-0.031441
-0.0318304
-0.0322382
-0.0322318
-0.0322392
-0.0318372
-0.0314467
-0.0306578
-0.0298827
-0.028724
-0.0275776
-0.0260835
-0.0245969
-0.0228007
-0.0210042
-0.0189502
-0.0168996
-0.0146384
-0.0123756
-0.00996256
-0.0075531
-0.00504351
-0.00253749
-0.0026201
-0.00524306
-0.00779808
-0.0103542
-0.0127839
-0.0152156
-0.0174543
-0.0197004
-0.0216964
-0.0237008
-0.0254055
-0.02712
-0.0284874
-0.0298694
-0.0308696
-0.0318843
-0.0324943
-0.0331166
-0.0333167
-0.0335308
-0.0333216
-0.0331228
-0.0325007
-0.0318928
-0.030884
-0.0298822
-0.0285013
-0.0271327
-0.025419
-0.0237155
-0.0217099
-0.0197151
-0.0174706
-0.0152283
-0.0127921
-0.0103619
-0.00780439
-0.00524735
-0.00262141
-0.00270641
-0.00537992
-0.00805283
-0.0106257
-0.0132022
-0.0156121
-0.0180259
-0.0202141
-0.0224084
-0.0243196
-0.0262401
-0.0278268
-0.0294229
-0.0306481
-0.0318841
-0.0327169
-0.0335605
-0.0339762
-0.0344086
-0.0344036
-0.0344152
-0.0339839
-0.0335684
-0.0327277
-0.0318916
-0.0306604
-0.0294414
-0.0278392
-0.0262532
-0.024334
-0.022428
-0.0202312
-0.0180402
-0.015625
-0.0132174
-0.0106366
-0.00806165
-0.00538349
-0.002707
-0.00275731
-0.00551891
-0.00820684
-0.0108999
-0.0134566
-0.0160155
-0.0183722
-0.0207337
-0.0228348
-0.0249459
-0.0267417
-0.0285419
-0.0299865
-0.0314388
-0.0324919
-0.0335602
-0.0342011
-0.0348556
-0.0350661
-0.0352929
-0.035069
-0.0348575
-0.0342071
-0.0335655
-0.0325027
-0.031451
-0.0299978
-0.0285594
-0.0267537
-0.0249619
-0.0228548
-0.0207543
-0.0183873
-0.0160253
-0.0134668
-0.0109131
-0.00821567
-0.00552273
-0.00276065
-0.00281322
-0.00558758
-0.0083667
-0.0110369
-0.0137144
-0.0162144
-0.0187227
-0.0209951
-0.0232713
-0.0252568
-0.0272505
-0.0288982
-0.0305569
-0.0318297
-0.0331137
-0.0339777
-0.0348536
-0.0352893
-0.0357382
-0.0357304
-0.0357404
-0.0352948
-0.0348623
-0.0339854
-0.0331249
-0.0318449
-0.0305727
-0.0289192
-0.0272658
-0.0252743
-0.0232928
-0.0210092
-0.0187376
-0.0162296
-0.0137239
-0.0110476
-0.00837088
-0.00559521
-0.00281072
-0.00282848
-0.0056591
-0.00841451
-0.0111765
-0.0137942
-0.0164182
-0.0188363
-0.0212613
-0.0234137
-0.0255767
-0.0274146
-0.0292659
-0.030744
-0.0322331
-0.0333133
-0.0344082
-0.0350641
-0.0357354
-0.0359526
-0.0361824
-0.0359552
-0.0357413
-0.0350726
-0.0344186
-0.0333257
-0.032249
-0.0307572
-0.0292821
-0.0274351
-0.0255926
-0.0234296
-0.0212772
-0.0188487
-0.0164351
-0.013808
-0.0111837
-0.00842261
-0.00566101
-0.00282955
-0.00284624
-0.00565839
-0.00846851
-0.0111727
-0.0138859
-0.0164148
-0.0189568
-0.0212585
-0.0235651
-0.0255735
-0.0275928
-0.0292602
-0.0309415
-0.0322281
-0.0335287
-0.0344031
-0.0352907
-0.0357293
-0.0361834
-0.0361784
-0.0361888
-0.0357363
-0.0353
-0.0344126
-0.0335422
-0.0322399
-0.0309553
-0.0292704
-0.0276055
-0.0255899
-0.0235801
-0.0212712
-0.0189748
-0.0164285
-0.0138936
-0.0111859
-0.0084796
-0.0056622
-0.00284648
-0.00282693
-0.00565886
-0.00841677
-0.0111763
-0.0137963
-0.0164193
-0.0188378
-0.0212612
-0.0234143
-0.0255798
-0.0274168
-0.0292664
-0.0307435
-0.0322326
-0.0333136
-0.0344082
-0.0350655
-0.0357385
-0.0359538
-0.0361836
-0.035955
-0.0357432
-0.0350752
-0.0344224
-0.0333295
-0.0322487
-0.0307577
-0.029284
-0.0274363
-0.0255961
-0.0234318
-0.0212755
-0.0188491
-0.0164356
-0.0138087
-0.0111873
-0.00842428
-0.00566053
-0.00283051
-0.00281096
-0.00558913
-0.00836694
-0.0110343
-0.0137128
-0.0162175
-0.0187267
-0.0209949
-0.0232744
-0.0252601
-0.0272528
-0.0289003
-0.0305597
-0.031831
-0.0331177
-0.0339808
-0.0348552
-0.0352883
-0.0357401
-0.0357316
-0.0357449
-0.0352972
-0.0348649
-0.0339928
-0.0331302
-0.0318482
-0.0305772
-0.028918
-0.0272696
-0.0252776
-0.0232909
-0.0210125
-0.0187368
-0.0162287
-0.0137293
-0.0110469
-0.00837064
-0.00559425
-0.00281167
-0.00275648
-0.00551987
-0.00820816
-0.0109024
-0.0134555
-0.0160153
-0.0183746
-0.0207382
-0.0228393
-0.0249498
-0.0267427
-0.0285478
-0.0299898
-0.0314434
-0.032495
-0.033564
-0.0342047
-0.034857
-0.0350659
-0.035295
-0.0350757
-0.0348628
-0.0342102
-0.0335743
-0.0325081
-0.0314558
-0.030004
-0.0285623
-0.0267577
-0.0249619
-0.0228524
-0.0207486
-0.0183897
-0.0160284
-0.013469
-0.0109107
-0.00821733
-0.00552273
-0.00276089
-0.00270689
-0.00538087
-0.00805366
-0.0106276
-0.0132052
-0.015615
-0.0180297
-0.0202153
-0.0224128
-0.0243243
-0.0262432
-0.0278298
-0.0294284
-0.0306526
-0.0318867
-0.0327199
-0.0335655
-0.0339839
-0.0344133
-0.0344117
-0.0344162
-0.0339909
-0.033572
-0.0327315
-0.0318995
-0.0306644
-0.0294449
-0.0278485
-0.0262594
-0.0243373
-0.0224309
-0.0202322
-0.0180476
-0.0156271
-0.0132134
-0.0106404
-0.00806403
-0.00538778
-0.00270748
-0.00262356
-0.00524306
-0.00779891
-0.0103583
-0.0127851
-0.0152174
-0.0174592
-0.0197037
-0.0216991
-0.0237056
-0.0254097
-0.0271236
-0.0284941
-0.0298748
-0.0308757
-0.0318887
-0.0325003
-0.0331228
-0.0333209
-0.0335374
-0.033325
-0.0331249
-0.0325069
-0.0319028
-0.0308862
-0.0298898
-0.0285101
-0.0271389
-0.0254266
-0.0237226
-0.0217159
-0.0197179
-0.0174692
-0.0152287
-0.0127971
-0.0103655
-0.00780463
-0.00524807
-0.0026238
-0.00253594
-0.00504303
-0.00754821
-0.00995755
-0.0123731
-0.0146271
-0.0168905
-0.0189403
-0.0209961
-0.022786
-0.0245872
-0.026073
-0.02757
-0.0287169
-0.0298754
-0.0306556
-0.0314467
-0.0318372
-0.0322394
-0.0322399
-0.0322447
-0.0318451
-0.0314567
-0.0306671
-0.0298882
-0.0287325
-0.0275841
-0.0260839
-0.0246019
-0.0228076
-0.021013
-0.0189586
-0.0169058
-0.014643
-0.0123813
-0.00996375
-0.00755262
-0.00504351
-0.00254107
-0.00241888
-0.00483716
-0.0071969
-0.00955987
-0.0118008
-0.0140467
-0.0161138
-0.0181849
-0.0200278
-0.0218792
-0.0234532
-0.025033
-0.0262984
-0.0275724
-0.028496
-0.0294309
-0.0299947
-0.0305693
-0.0307558
-0.0309551
-0.030761
-0.0305738
-0.0300045
-0.0294418
-0.0285075
-0.0275824
-0.0263112
-0.0250442
-0.0234609
-0.0218935
-0.0200398
-0.0181973
-0.0161242
-0.0140531
-0.0118089
-0.00956678
-0.00720692
-0.00484586
-0.00242376
-0.00230324
-0.00457704
-0.00685096
-0.00904047
-0.0112308
-0.0132837
-0.015337
-0.0171999
-0.0190678
-0.0206915
-0.0223258
-0.0236746
-0.025035
-0.0260754
-0.0271266
-0.0278356
-0.0285516
-0.0289083
-0.0292768
-0.0292714
-0.0292814
-0.0289147
-0.0285568
-0.0278435
-0.0271344
-0.0260842
-0.0250459
-0.0236886
-0.022336
-0.020704
-0.0190785
-0.0172148
-0.0153456
-0.0132921
-0.0112448
-0.00904965
-0.00685525
-0.00457764
-0.00231171
-0.00215816
-0.00431705
-0.00641966
-0.00852692
-0.0105243
-0.0125242
-0.0143701
-0.0162208
-0.0178638
-0.0195111
-0.0209153
-0.0223249
-0.0234497
-0.0245924
-0.0254135
-0.0262473
-0.0267489
-0.0272634
-0.0274279
-0.0276072
-0.0274293
-0.0272672
-0.0267527
-0.0262575
-0.0254219
-0.0245986
-0.0234649
-0.0223341
-0.020926
-0.0195267
-0.0178716
-0.0162313
-0.0143805
-0.0125399
-0.0105314
-0.00853157
-0.00642228
-0.00431633
-0.00215983
-0.0020119
-0.00400019
-0.00598812
-0.00790262
-0.00981724
-0.0116084
-0.0134065
-0.0150318
-0.0166668
-0.0180832
-0.0195115
-0.0206938
-0.0218838
-0.0227907
-0.0237117
-0.0243306
-0.0249569
-0.0252666
-0.0255921
-0.0255861
-0.0255911
-0.0252728
-0.0249612
-0.0243371
-0.0237186
-0.0228002
-0.0218937
-0.0207009
-0.0195231
-0.0180976
-0.0166783
-0.0150423
-0.0134199
-0.0116186
-0.00982594
-0.00791001
-0.0059967
-0.0040009
-0.00201702
-0.00184238
-0.00368714
-0.00548458
-0.00728214
-0.00898945
-0.0106984
-0.0122731
-0.0138535
-0.0152557
-0.0166637
-0.0178647
-0.0190667
-0.0200307
-0.0210028
-0.0217059
-0.0224159
-0.0228474
-0.023284
-0.0234218
-0.0235765
-0.0234277
-0.023289
-0.0228522
-0.0224261
-0.021714
-0.0210063
-0.0200396
-0.0190821
-0.0178711
-0.0166755
-0.0152633
-0.0138607
-0.0122771
-0.0107076
-0.00899482
-0.00729132
-0.00548887
-0.00369263
-0.00184679
-0.00167274
-0.00332403
-0.00497961
-0.00656807
-0.00816262
-0.00965095
-0.0111443
-0.0124966
-0.0138514
-0.0150338
-0.0162197
-0.0172012
-0.018187
-0.0189443
-0.0197086
-0.020221
-0.0207477
-0.0210044
-0.0212739
-0.0212648
-0.0212727
-0.0210059
-0.02075
-0.020227
-0.0197184
-0.0189571
-0.0181983
-0.0172095
-0.016232
-0.0150416
-0.0138631
-0.0125027
-0.0111532
-0.00965714
-0.00816941
-0.00657415
-0.00498557
-0.0033257
-0.00167131
-0.00148344
-0.00296569
-0.00441265
-0.00586009
-0.00722873
-0.00860536
-0.00987411
-0.0111434
-0.012274
-0.0134077
-0.0143704
-0.0153399
-0.0161178
-0.0168967
-0.0174656
-0.0180366
-0.0183825
-0.0187345
-0.0188468
-0.0189693
-0.0188463
-0.018733
-0.0183861
-0.0180402
-0.0174665
-0.0169055
-0.0161257
-0.0153494
-0.0143843
-0.013418
-0.0122795
-0.0111539
-0.00987577
-0.00861406
-0.00723767
-0.00586104
-0.00441766
-0.00296926
-0.00149393
-0.00129139
-0.00256801
-0.00384533
-0.00507379
-0.0063045
-0.0074544
-0.00860655
-0.00965142
-0.0107007
-0.0116118
-0.0125275
-0.013288
-0.0140455
-0.0146346
-0.0152223
-0.0156193
-0.0160217
-0.0162258
-0.0164282
-0.0164287
-0.0164309
-0.0162208
-0.0160246
-0.0156257
-0.0152318
-0.0146384
-0.014055
-0.0132937
-0.0125339
-0.0116155
-0.0107067
-0.0096581
-0.00861549
-0.00746059
-0.00630665
-0.00507736
-0.00385165
-0.00256848
-0.00128365
-0.00108469
-0.00217235
-0.00322938
-0.00429118
-0.00529587
-0.00630331
-0.00723267
-0.00816417
-0.00899041
-0.00982177
-0.0105267
-0.0112388
-0.0118055
-0.0123763
-0.0127926
-0.0132117
-0.0134616
-0.0137203
-0.0138032
-0.0138931
-0.0138011
-0.0137169
-0.0134723
-0.0132134
-0.0127947
-0.012377
-0.0118115
-0.0112407
-0.0105374
-0.00982499
-0.00899172
-0.00816822
-0.00724077
-0.00630879
-0.00529695
-0.00429678
-0.00323033
-0.00217724
-0.00109196
-0.000877976
-0.00174797
-0.00261819
-0.00345278
-0.0042882
-0.00507271
-0.00585866
-0.00657201
-0.00728226
-0.00790381
-0.00852823
-0.00904489
-0.00956249
-0.00995731
-0.0103633
-0.010632
-0.0109043
-0.0110443
-0.011183
-0.0111866
-0.0111866
-0.0110435
-0.0109093
-0.0106404
-0.0103662
-0.00996804
-0.00956488
-0.00904942
-0.00853777
-0.00790834
-0.00728607
-0.00657344
-0.00585938
-0.00507307
-0.0042913
-0.00345516
-0.00261998
-0.00175285
-0.000875473
-0.000663757
-0.0013243
-0.0019716
-0.0026201
-0.00322938
-0.00384545
-0.00441098
-0.0049808
-0.00548255
-0.00599122
-0.00642014
-0.00685287
-0.00719833
-0.00754762
-0.00780201
-0.00805807
-0.00821066
-0.0083673
-0.00842023
-0.00847316
-0.00842047
-0.00836754
-0.00821161
-0.00806141
-0.00780725
-0.00754976
-0.00720167
-0.00686073
-0.00642323
-0.00599861
-0.00548506
-0.00497961
-0.00441694
-0.00384736
-0.00322795
-0.0026195
-0.00197506
-0.00130892
-0.000658512
-0.000446081
-0.000884414
-0.00132489
-0.00174975
-0.00217104
-0.00256717
-0.00296474
-0.00332475
-0.00368619
-0.00400138
-0.00431585
-0.00457764
-0.00484252
-0.00504589
-0.00524378
-0.00538492
-0.0055213
-0.00558734
-0.00566339
-0.00565934
-0.00565958
-0.0055933
-0.00552726
-0.00538588
-0.00524735
-0.00504351
-0.00484324
-0.00458002
-0.00431871
-0.00399995
-0.00368857
-0.00333095
-0.00296736
-0.00257111
-0.00217581
-0.0017457
-0.00131416
-0.000885963
-0.000446796
-0.000225902
-0.000444651
-0.000658512
-0.000878096
-0.00108695
-0.00129271
-0.00148261
-0.00167263
-0.0018456
-0.00201321
-0.00216055
-0.00230384
-0.00241542
-0.00253868
-0.00262094
-0.0027113
-0.0027616
-0.00281525
-0.00282884
-0.00285268
-0.00282788
-0.00281286
-0.00276113
-0.00270844
-0.00262284
-0.00254202
-0.00241995
-0.0023067
-0.00215864
-0.00201011
-0.00184512
-0.00167155
-0.00148082
-0.00129223
-0.00108838
-0.000877857
-0.00065279
-0.000451088
-0.00020647
