-0.000209689
-0.000438571
-0.000650764
-0.000857472
-0.00105929
-0.00126505
-0.00144994
-0.00163829
-0.00180602
-0.00197041
-0.00210929
-0.0022558
-0.00236917
-0.00248134
-0.00257015
-0.00265026
-0.00270331
-0.00275588
-0.00277388
-0.00278866
-0.00277066
-0.00275195
-0.00270343
-0.00265086
-0.00256956
-0.00248301
-0.00236714
-0.00225425
-0.00211835
-0.00196767
-0.00181103
-0.00163269
-0.00145578
-0.00126672
-0.00106025
-0.000863075
-0.000640869
-0.00043726
-0.000209093
-0.000438094
-0.000868678
-0.00129735
-0.00170875
-0.00212741
-0.00251436
-0.00290108
-0.00325882
-0.00361049
-0.00391746
-0.00422561
-0.00448108
-0.00473773
-0.00493681
-0.00513601
-0.00527
-0.00540578
-0.00547218
-0.00554252
-0.00554299
-0.00554252
-0.00547445
-0.00540674
-0.00527143
-0.00513875
-0.00493824
-0.00473857
-0.00447893
-0.00422835
-0.00391603
-0.00361276
-0.00325823
-0.00290203
-0.00251293
-0.00212264
-0.00171566
-0.00129342
-0.000862598
-0.000435114
-0.00065124
-0.00129724
-0.00192904
-0.00256157
-0.00316107
-0.00376439
-0.00431788
-0.00487411
-0.00536776
-0.00586283
-0.00628603
-0.00671065
-0.00704646
-0.00738931
-0.00763881
-0.00788701
-0.00803971
-0.00819266
-0.00824153
-0.0082947
-0.00824416
-0.00819397
-0.00804198
-0.00789106
-0.00764263
-0.00739348
-0.0070529
-0.00671244
-0.00628781
-0.00586319
-0.00537157
-0.00487804
-0.00431728
-0.0037663
-0.00316262
-0.00256562
-0.00193691
-0.00129986
-0.000645161
-0.000859857
-0.00170827
-0.00256312
-0.00338268
-0.00420105
-0.00496852
-0.0057348
-0.00643206
-0.00712895
-0.00773609
-0.00834703
-0.00885439
-0.00936055
-0.00975227
-0.0101427
-0.0104095
-0.0106777
-0.0108116
-0.0109479
-0.0109485
-0.0109457
-0.0108132
-0.0106798
-0.0104117
-0.010147
-0.00975561
-0.00936818
-0.00885892
-0.00835085
-0.00774145
-0.00713491
-0.00643325
-0.00574303
-0.00497079
-0.00420165
-0.00338387
-0.00256419
-0.00171423
-0.000859976
-0.00106072
-0.00212681
-0.0031606
-0.00420022
-0.00518405
-0.00617135
-0.00707936
-0.00798893
-0.00880277
-0.00961196
-0.0103052
-0.010999
-0.0115548
-0.0121132
-0.0125223
-0.012931
-0.0131816
-0.0134318
-0.013514
-0.0135993
-0.0135163
-0.0134321
-0.0131844
-0.0129353
-0.012527
-0.0121205
-0.0115623
-0.0110044
-0.0103126
-0.00961781
-0.00880766
-0.00799704
-0.00708485
-0.00617528
-0.00519252
-0.00420928
-0.00316691
-0.00212145
-0.00105786
-0.00126421
-0.00251567
-0.00376546
-0.00496769
-0.00616944
-0.00730014
-0.00842535
-0.0094471
-0.0104729
-0.0113677
-0.0122637
-0.0130074
-0.0137531
-0.0143249
-0.0149027
-0.0152957
-0.0156877
-0.0158844
-0.0160831
-0.0160836
-0.0160847
-0.0158854
-0.0156909
-0.0152987
-0.0149091
-0.0143316
-0.0137608
-0.0130148
-0.0122659
-0.0113733
-0.0104823
-0.00945783
-0.00843525
-0.00730371
-0.00617695
-0.00497293
-0.00376749
-0.00251865
-0.00126672
-0.00145245
-0.00290275
-0.00431788
-0.00573349
-0.00708008
-0.00842774
-0.00966752
-0.0109107
-0.012015
-0.0131248
-0.0140693
-0.0150183
-0.0157796
-0.0165421
-0.0170971
-0.0176581
-0.0179954
-0.0183398
-0.0184519
-0.0185692
-0.0184541
-0.0183426
-0.0180002
-0.0176625
-0.0171056
-0.0165484
-0.0157874
-0.0150266
-0.0140803
-0.0131319
-0.0120285
-0.0109165
-0.00967431
-0.00843668
-0.00708318
-0.00574327
-0.0043211
-0.00290418
-0.00145555
-0.00163877
-0.00325668
-0.00487506
-0.00643194
-0.00799096
-0.00945055
-0.0109079
-0.0122328
-0.0135624
-0.0147177
-0.01588
-0.0168433
-0.0178092
-0.0185492
-0.0192965
-0.0198014
-0.0203099
-0.0205663
-0.0208235
-0.0208243
-0.0208253
-0.0205674
-0.0203151
-0.0198069
-0.0193019
-0.0185559
-0.0178149
-0.0168543
-0.015888
-0.0147305
-0.0135703
-0.0122435
-0.0109196
-0.00945616
-0.00799799
-0.00643611
-0.00488138
-0.00326037
-0.00163269
-0.00180459
-0.00360978
-0.00536931
-0.00712907
-0.00880098
-0.0104737
-0.0120202
-0.0135626
-0.0149353
-0.0163137
-0.0174894
-0.0186681
-0.0196128
-0.0205611
-0.0212542
-0.0219469
-0.0223709
-0.0227959
-0.0229383
-0.0230836
-0.0229384
-0.0227969
-0.0223745
-0.0219533
-0.0212615
-0.0205719
-0.0196216
-0.0186787
-0.0175009
-0.0163238
-0.0149455
-0.0135739
-0.0120237
-0.0104811
-0.00880814
-0.00712895
-0.00537491
-0.00361013
-0.00181007
-0.00197148
-0.00391936
-0.00586379
-0.00773692
-0.00961244
-0.0113682
-0.0131254
-0.0147198
-0.0163156
-0.0177066
-0.0191027
-0.0202588
-0.0214237
-0.0223151
-0.0232123
-0.0238237
-0.0244325
-0.0247412
-0.0250512
-0.0250521
-0.025056
-0.0247446
-0.0244379
-0.0238307
-0.0232232
-0.0223236
-0.0214312
-0.0202718
-0.0191154
-0.0177143
-0.0163283
-0.0147319
-0.013139
-0.0113778
-0.00962067
-0.00774503
-0.0058639
-0.00391722
-0.00196362
-0.00211346
-0.00422454
-0.00628686
-0.0083456
-0.010305
-0.0122634
-0.0140707
-0.0158781
-0.0174906
-0.0191038
-0.0204813
-0.0218568
-0.0229634
-0.0240773
-0.0248854
-0.0256983
-0.0261936
-0.0266901
-0.0268565
-0.0270264
-0.0268587
-0.0266966
-0.0261981
-0.0257049
-0.0248947
-0.024087
-0.0229752
-0.021874
-0.0204909
-0.0191128
-0.0175028
-0.0158887
-0.014082
-0.0122762
-0.0103104
-0.00835562
-0.00628972
-0.00422978
-0.00211596
-0.00225461
-0.0044843
-0.0067091
-0.00885284
-0.0109996
-0.0130078
-0.0150182
-0.0168414
-0.0186681
-0.0202594
-0.0218577
-0.0231823
-0.0245115
-0.025535
-0.0265602
-0.0272557
-0.0279552
-0.028307
-0.028666
-0.0286629
-0.0286652
-0.0283108
-0.0279636
-0.0272634
-0.0265694
-0.0255446
-0.0245225
-0.0231946
-0.0218692
-0.0202739
-0.0186806
-0.0168555
-0.0150263
-0.0130146
-0.0110061
-0.0088625
-0.00671983
-0.00448704
-0.00225425
-0.00237191
-0.00473988
-0.00704813
-0.00935996
-0.0115547
-0.0137504
-0.0157766
-0.0178075
-0.0196149
-0.0214217
-0.0229639
-0.0245099
-0.0257505
-0.0269971
-0.0279044
-0.0288174
-0.0293708
-0.0299301
-0.030117
-0.030306
-0.0301183
-0.029933
-0.0293798
-0.0288253
-0.0279155
-0.0270064
-0.025763
-0.0245221
-0.0229762
-0.0214362
-0.0196252
-0.0178156
-0.015794
-0.0137658
-0.0115643
-0.00936508
-0.00705385
-0.00474715
-0.00237274
-0.00248396
-0.00493634
-0.00738788
-0.00975096
-0.0121135
-0.0143266
-0.0165393
-0.0185488
-0.0205592
-0.0223166
-0.0240752
-0.0255342
-0.0269969
-0.0281233
-0.0292524
-0.0300201
-0.0307908
-0.0311788
-0.0315698
-0.0315691
-0.0315723
-0.0311821
-0.0307975
-0.030031
-0.0292616
-0.028137
-0.0270083
-0.0255477
-0.024091
-0.022331
-0.0205703
-0.0185595
-0.0165527
-0.0143397
-0.0121212
-0.00975561
-0.00739169
-0.0049417
-0.00248218
-0.00256932
-0.00513434
-0.00763643
-0.0101435
-0.0125214
-0.0149016
-0.0170978
-0.0192934
-0.0212526
-0.0232103
-0.0248837
-0.0265601
-0.0279028
-0.0292535
-0.0302352
-0.0312257
-0.031827
-0.0324304
-0.0326334
-0.032838
-0.0326357
-0.0324342
-0.0318322
-0.0312343
-0.0302498
-0.0292656
-0.0279195
-0.026572
-0.0248961
-0.023227
-0.0212722
-0.0193095
-0.0171099
-0.0149117
-0.0125339
-0.0101552
-0.00764346
-0.00514007
-0.00256705
-0.00264931
-0.00526989
-0.00788701
-0.0104085
-0.0129313
-0.0152917
-0.0176568
-0.0197994
-0.0219464
-0.0238187
-0.0256966
-0.0272566
-0.0288157
-0.0300198
-0.0312239
-0.0320451
-0.0328674
-0.0332806
-0.0336993
-0.0336987
-0.0337031
-0.0332873
-0.0328727
-0.0320513
-0.0312381
-0.0300338
-0.0288281
-0.0272706
-0.0257096
-0.0238376
-0.0219598
-0.0198133
-0.0176694
-0.0152998
-0.0129385
-0.0104208
-0.00789642
-0.00527549
-0.00265145
-0.00270379
-0.005404
-0.00804067
-0.0106745
-0.0131778
-0.015685
-0.0179924
-0.0203091
-0.0223666
-0.0244327
-0.0261893
-0.0279541
-0.0293691
-0.03079
-0.0318257
-0.032868
-0.0334979
-0.0341337
-0.0343465
-0.03456
-0.0343504
-0.0341399
-0.0335059
-0.0328772
-0.031836
-0.0308025
-0.0293818
-0.0279741
-0.0262043
-0.0244422
-0.0223851
-0.0203185
-0.0180061
-0.0156958
-0.0131896
-0.0106893
-0.00804925
-0.00540543
-0.00270486
-0.00275314
-0.00547075
-0.0081923
-0.0108083
-0.0134295
-0.0158806
-0.0183347
-0.0205632
-0.0227933
-0.0247408
-0.0266885
-0.0283056
-0.0299277
-0.0311766
-0.032428
-0.0332805
-0.0341336
-0.0345626
-0.0349967
-0.034996
-0.0350025
-0.0345695
-0.0341427
-0.0332904
-0.032439
-0.0311918
-0.0299408
-0.0283213
-0.0267022
-0.0247529
-0.0228069
-0.0205755
-0.0183506
-0.0158944
-0.0134439
-0.0108173
-0.00819707
-0.00548172
-0.0027554
-0.00277054
-0.00554061
-0.00824404
-0.010945
-0.0135133
-0.0160805
-0.0184509
-0.0208195
-0.0229348
-0.0250489
-0.0268525
-0.0286616
-0.0301108
-0.0315677
-0.0326322
-0.0336974
-0.0343447
-0.0349973
-0.0352135
-0.035435
-0.035218
-0.035002
-0.0343516
-0.0337062
-0.0326419
-0.0315793
-0.0301263
-0.0286725
-0.0268688
-0.025069
-0.0229492
-0.0208359
-0.0184619
-0.0160911
-0.013525
-0.0109556
-0.00824857
-0.00554204
-0.00277281
-0.00278997
-0.00553823
-0.00829327
-0.0109466
-0.0135965
-0.0160807
-0.0185654
-0.0208194
-0.0230776
-0.0250467
-0.0270226
-0.0286615
-0.0303003
-0.031566
-0.0328381
-0.0336936
-0.0345613
-0.0349978
-0.0354369
-0.035435
-0.0354407
-0.0349994
-0.0345705
-0.0337048
-0.0328462
-0.0315804
-0.0303159
-0.0286748
-0.027034
-0.0250628
-0.023093
-0.0208349
-0.0185771
-0.016094
-0.0136147
-0.0109541
-0.00830173
-0.00554752
-0.00278473
-0.00277138
-0.00554097
-0.00824428
-0.0109441
-0.0135102
-0.0160819
-0.0184509
-0.0208216
-0.0229321
-0.0250502
-0.0268517
-0.0286627
-0.0301132
-0.0315684
-0.0326321
-0.0336998
-0.0343465
-0.0350006
-0.0352144
-0.03544
-0.0352161
-0.035001
-0.0343533
-0.033709
-0.0326419
-0.0315809
-0.0301299
-0.0286767
-0.0268681
-0.0250664
-0.0229535
-0.0208409
-0.0184629
-0.0160952
-0.013521
-0.0109534
-0.00824881
-0.00554776
-0.00276923
-0.00275028
-0.00547552
-0.00819278
-0.0108085
-0.0134311
-0.0158842
-0.0183368
-0.0205637
-0.0227956
-0.0247399
-0.0266895
-0.0283082
-0.0299292
-0.0311793
-0.0324334
-0.0332813
-0.0341363
-0.0345666
-0.0350015
-0.035001
-0.035002
-0.0345714
-0.0341442
-0.0332949
-0.032445
-0.0311892
-0.0299461
-0.0283241
-0.0267026
-0.024755
-0.0228109
-0.0205748
-0.0183532
-0.0158963
-0.0134401
-0.0108199
-0.00819921
-0.00547791
-0.00275803
-0.00269902
-0.00540459
-0.00804114
-0.0106775
-0.0131801
-0.0156853
-0.017995
-0.0203092
-0.02237
-0.0244353
-0.0261927
-0.0279582
-0.0293732
-0.0307944
-0.0318295
-0.0328707
-0.0335028
-0.0341382
-0.0343502
-0.0345647
-0.034353
-0.0341434
-0.0335102
-0.0328789
-0.0318396
-0.0308049
-0.0293846
-0.0279706
-0.0262101
-0.0244479
-0.0223846
-0.0203254
-0.0180111
-0.0157039
-0.0131853
-0.0106874
-0.00804639
-0.00540614
-0.00270104
-0.00264764
-0.00526929
-0.00788748
-0.0104096
-0.0129325
-0.0152943
-0.0176586
-0.0197997
-0.0219496
-0.0238224
-0.0257006
-0.0272583
-0.028821
-0.0300249
-0.0312306
-0.0320481
-0.0328722
-0.0332866
-0.033704
-0.0337012
-0.0337074
-0.033294
-0.0328786
-0.0320597
-0.0312388
-0.0300357
-0.0288358
-0.0272717
-0.0257168
-0.0238352
-0.0219693
-0.0198114
-0.0176735
-0.0153089
-0.0129445
-0.0104208
-0.00789499
-0.0052743
-0.0026648
-0.00256634
-0.00513494
-0.00763965
-0.0101424
-0.0125228
-0.0149051
-0.0171018
-0.0192971
-0.0212555
-0.0232126
-0.024886
-0.0265653
-0.027908
-0.0292567
-0.0302423
-0.0312326
-0.0318336
-0.0324373
-0.0326374
-0.032845
-0.0326383
-0.0324419
-0.031837
-0.0312383
-0.0302541
-0.0292692
-0.0279174
-0.0265749
-0.0249028
-0.0232317
-0.0212708
-0.0193098
-0.0171108
-0.0149114
-0.0125308
-0.0101509
-0.00764632
-0.00513887
-0.00256705
-0.00248396
-0.00493729
-0.00738978
-0.00975454
-0.0121162
-0.0143276
-0.0165433
-0.0185544
-0.0205649
-0.0223192
-0.0240787
-0.025537
-0.0270007
-0.0281265
-0.0292583
-0.0300286
-0.0307951
-0.0311832
-0.0315769
-0.0315752
-0.0315783
-0.0311902
-0.0308044
-0.0300353
-0.0292678
-0.028142
-0.0270107
-0.025553
-0.0240941
-0.0223348
-0.0205791
-0.018563
-0.016557
-0.0143366
-0.0121207
-0.00976038
-0.0073998
-0.00494337
-0.0024817
-0.00236726
-0.00473869
-0.00705004
-0.00936496
-0.0115573
-0.0137527
-0.0157828
-0.0178099
-0.0196183
-0.0214252
-0.0229702
-0.0245142
-0.0257595
-0.0270022
-0.0279107
-0.0288222
-0.0293772
-0.0299368
-0.0301216
-0.0303109
-0.030123
-0.0299413
-0.029382
-0.028837
-0.0279195
-0.0270112
-0.0257726
-0.0245326
-0.022984
-0.0214424
-0.01963
-0.0178244
-0.01579
-0.0137663
-0.0115681
-0.00936627
-0.00705075
-0.0047431
-0.00237036
-0.00225425
-0.00448608
-0.00671148
-0.00885391
-0.0110009
-0.0130107
-0.0150225
-0.0168471
-0.0186709
-0.0202652
-0.0218638
-0.0231882
-0.0245153
-0.0255413
-0.0265677
-0.0272653
-0.0279646
-0.0283177
-0.0286748
-0.0286698
-0.0286736
-0.0283198
-0.0279651
-0.0272701
-0.0265775
-0.0255551
-0.0245261
-0.0232
-0.0218735
-0.020278
-0.0186877
-0.0168552
-0.0150321
-0.0130212
-0.0110118
-0.00886512
-0.00671387
-0.00448656
-0.00225353
-0.00211179
-0.00422716
-0.00628793
-0.00834835
-0.0103052
-0.0122677
-0.0140753
-0.0158846
-0.0174942
-0.0191089
-0.0204859
-0.0218648
-0.0229713
-0.0240831
-0.0248933
-0.0257072
-0.0262022
-0.026701
-0.0268674
-0.0270319
-0.0268652
-0.0267067
-0.0262058
-0.0257158
-0.0248981
-0.0240939
-0.0229845
-0.021878
-0.0204973
-0.0191216
-0.0175066
-0.0158963
-0.0140855
-0.0122819
-0.0103135
-0.00835013
-0.00629401
-0.00424099
-0.00211811
-0.00197232
-0.00391829
-0.00586426
-0.00773978
-0.00961494
-0.0113726
-0.0131314
-0.014725
-0.0163189
-0.0177146
-0.0191103
-0.0202689
-0.0214279
-0.0223234
-0.0232222
-0.0238307
-0.0244417
-0.02475
-0.0250607
-0.0250611
-0.0250618
-0.0247529
-0.0244474
-0.0238388
-0.0232272
-0.0223334
-0.0214398
-0.0202777
-0.0191238
-0.0177269
-0.0163269
-0.0147359
-0.0131414
-0.0113773
-0.009619
-0.00774169
-0.00586462
-0.00391912
-0.00197005
-0.00180519
-0.00361145
-0.00537014
-0.00713074
-0.00880253
-0.0104817
-0.012022
-0.0135666
-0.0149436
-0.0163226
-0.0174959
-0.0186749
-0.0196209
-0.0205669
-0.0212605
-0.0219555
-0.0223782
-0.0228035
-0.0229449
-0.0230889
-0.0229473
-0.0228059
-0.0223875
-0.02196
-0.0212665
-0.0205781
-0.0196285
-0.0186851
-0.0175083
-0.0163286
-0.0149508
-0.0135732
-0.0120265
-0.0104845
-0.00881004
-0.00713682
-0.00537539
-0.00361228
-0.00181174
-0.00164008
-0.0032562
-0.00487506
-0.0064317
-0.00799453
-0.00945055
-0.0109143
-0.012239
-0.0135682
-0.014724
-0.0158854
-0.0168475
-0.0178156
-0.0185585
-0.0192988
-0.0198083
-0.0203164
-0.0205727
-0.0208347
-0.0208313
-0.0208347
-0.0205772
-0.0203207
-0.0198188
-0.0193117
-0.0185628
-0.0178225
-0.016856
-0.0158908
-0.0147324
-0.0135705
-0.0122488
-0.0109246
-0.00946093
-0.008003
-0.00643492
-0.00487781
-0.00326037
-0.00163531
-0.00145113
-0.00290346
-0.00431895
-0.00573766
-0.00708401
-0.00843012
-0.00967133
-0.010914
-0.0120232
-0.013129
-0.0140758
-0.0150263
-0.0157874
-0.0165458
-0.0171022
-0.017664
-0.0180051
-0.0183454
-0.0184603
-0.0185785
-0.0184596
-0.0183504
-0.0180049
-0.0176699
-0.0171118
-0.0165553
-0.0157886
-0.0150311
-0.0140862
-0.0131352
-0.0120296
-0.0109227
-0.00967574
-0.00843596
-0.00708938
-0.00574803
-0.00432372
-0.00291204
-0.00144434
-0.001266
-0.00251555
-0.00376487
-0.00496876
-0.00617266
-0.00730169
-0.00843072
-0.00945294
-0.0104783
-0.0113734
-0.012269
-0.0130126
-0.0137579
-0.014329
-0.014909
-0.0152977
-0.0156932
-0.0158918
-0.0160928
-0.0160897
-0.0160892
-0.0158925
-0.0156982
-0.0153046
-0.0149138
-0.0143418
-0.0137682
-0.01302
-0.0122776
-0.0113776
-0.0104825
-0.00946045
-0.00843263
-0.00731158
-0.0061748
-0.00497413
-0.00376678
-0.00251889
-0.00131989
-0.00106537
-0.00212729
-0.0031662
-0.00420117
-0.00518715
-0.00617468
-0.00708389
-0.00799263
-0.00880444
-0.00961864
-0.0103085
-0.0110078
-0.0115612
-0.012121
-0.0125301
-0.0129383
-0.0131867
-0.0134358
-0.0135205
-0.0135992
-0.0135212
-0.0134392
-0.0131888
-0.012944
-0.0125358
-0.012125
-0.0115683
-0.0110099
-0.0103154
-0.00962663
-0.00881076
-0.00800037
-0.00708652
-0.00617909
-0.00519156
-0.00421
-0.00316572
-0.00214577
-0.00105047
-0.000855803
-0.00171006
-0.00256097
-0.00338459
-0.00420129
-0.00496793
-0.00573528
-0.00643528
-0.0071311
-0.00774169
-0.00835299
-0.00885844
-0.00936675
-0.00975871
-0.0101483
-0.0104122
-0.0106819
-0.0108156
-0.0109513
-0.0109549
-0.0109549
-0.0108187
-0.0106869
-0.0104177
-0.0101509
-0.00975823
-0.00936437
-0.00886321
-0.00835824
-0.00774264
-0.00713468
-0.00643921
-0.00574207
-0.00497317
-0.00421071
-0.00338602
-0.00256181
-0.00170612
-0.000898361
-0.000650525
-0.00129831
-0.00193
-0.00256133
-0.00316489
-0.00376701
-0.00432205
-0.00487459
-0.00537252
-0.00586748
-0.00628924
-0.00671077
-0.00705266
-0.00739288
-0.00764465
-0.00789213
-0.00804305
-0.00819659
-0.00824833
-0.00829864
-0.00824642
-0.00820017
-0.008044
-0.00789428
-0.00764227
-0.00739956
-0.00705528
-0.0067122
-0.0062933
-0.00586605
-0.00537348
-0.00487614
-0.00432277
-0.00376749
-0.00316763
-0.00256109
-0.00193071
-0.00135326
-0.000630379
-0.00043869
-0.000871658
-0.00129831
-0.00171137
-0.00212836
-0.00251627
-0.00290418
-0.00325596
-0.00360966
-0.00391579
-0.00422788
-0.00447989
-0.00473928
-0.00494027
-0.00513554
-0.00527191
-0.00540519
-0.00547528
-0.00554204
-0.00554633
-0.005548
-0.00548148
-0.00540495
-0.00527549
-0.00513816
-0.00494027
-0.00474834
-0.00448799
-0.00422978
-0.00391793
-0.00360847
-0.00325608
-0.00290918
-0.00251627
-0.00212121
-0.00172067
-0.00135469
-0.000854969
-0.000450134
-0.000216603
-0.000436902
-0.000649333
-0.000860095
-0.00106752
-0.00126493
-0.00145364
-0.00163996
-0.00181055
-0.00196695
-0.0021162
-0.00225496
-0.00237393
-0.0024817
-0.00257111
-0.00265145
-0.00270653
-0.00275016
-0.00276804
-0.0027914
-0.00276756
-0.00276399
-0.00270391
-0.00264883
-0.00257087
-0.00249195
-0.00237441
-0.00225496
-0.00211716
-0.00196719
-0.00181127
-0.00164032
-0.00145507
-0.0012641
-0.00106215
-0.000895023
-0.000631332
-0.000450611
-0.000207424
