1.03821
1.06449
1.09144
1.11907
1.1474
1.17645
1.20623
1.23677
1.26807
1.30018
1.33309
1.36684
1.40144
1.43692
1.47329
1.51059
1.54883
1.58804
1.62824
1.66946
1.71172
1.75505
1.79948
1.84504
1.89175
1.93964
1.98874
2.03908
2.0907
2.14363
2.19789
2.25353
2.31058
2.36908
2.42905
2.49054
2.55359
2.61823
2.68451
1.05127
1.07788
1.10517
1.13315
1.16183
1.19125
1.2214
1.25232
1.28403
1.31653
1.34986
1.38403
1.41907
1.45499
1.49182
1.52959
1.56831
1.60801
1.64872
1.69046
1.73325
1.77713
1.82212
1.86825
1.91554
1.96403
2.01375
2.06473
2.117
2.17059
2.22554
2.28188
2.33965
2.39888
2.4596
2.52187
2.58571
2.65117
2.71828
1.06449
1.09144
1.11907
1.1474
1.17645
1.20623
1.23677
1.26807
1.30018
1.33309
1.36684
1.40144
1.43692
1.47329
1.51059
1.54883
1.58804
1.62824
1.66946
1.71172
1.75505
1.79948
1.84504
1.89175
1.93964
1.98874
2.03908
2.0907
2.14363
2.19789
2.25353
2.31058
2.36908
2.42905
2.49054
2.55359
2.61823
2.68451
2.75247
1.07788
1.10517
1.13315
1.16183
1.19125
1.2214
1.25232
1.28403
1.31653
1.34986
1.38403
1.41907
1.45499
1.49182
1.52959
1.56831
1.60801
1.64872
1.69046
1.73325
1.77713
1.82212
1.86825
1.91554
1.96403
2.01375
2.06473
2.117
2.17059
2.22554
2.28188
2.33965
2.39888
2.4596
2.52187
2.58571
2.65117
2.71828
2.7871
1.09144
1.11907
1.1474
1.17645
1.20623
1.23677
1.26807
1.30018
1.33309
1.36684
1.40144
1.43692
1.47329
1.51059
1.54883
1.58804
1.62824
1.66946
1.71172
1.75505
1.79948
1.84504
1.89175
1.93964
1.98874
2.03908
2.0907
2.14363
2.19789
2.25353
2.31058
2.36908
2.42905
2.49054
2.55359
2.61823
2.68451
2.75247
2.82215
1.10517
1.13315
1.16183
1.19125
1.2214
1.25232
1.28403
1.31653
1.34986
1.38403
1.41907
1.45499
1.49182
1.52959
1.56831
1.60801
1.64872
1.69046
1.73325
1.77713
1.82212
1.86825
1.91554
1.96403
2.01375
2.06473
2.117
2.17059
2.22554
2.28188
2.33965
2.39888
2.4596
2.52187
2.58571
2.65117
2.71828
2.7871
2.85765
1.11907
1.1474
1.17645
1.20623
1.23677
1.26807
1.30018
1.33309
1.36684
1.40144
1.43692
1.47329
1.51059
1.54883
1.58804
1.62824
1.66946
1.71172
1.75505
1.79948
1.84504
1.89175
1.93964
1.98874
2.03908
2.0907
2.14363
2.19789
2.25353
2.31058
2.36908
2.42905
2.49054
2.55359
2.61823
2.68451
2.75247
2.82215
2.8936
1.13315
1.16183
1.19125
1.2214
1.25232
1.28403
1.31653
1.34986
1.38403
1.41907
1.45499
1.49182
1.52959
1.56831
1.60801
1.64872
1.69046
1.73325
1.77713
1.82212
1.86825
1.91554
1.96403
2.01375
2.06473
2.117
2.17059
2.22554
2.28188
2.33965
2.39888
2.4596
2.52187
2.58571
2.65117
2.71828
2.7871
2.85765
2.92999
1.1474
1.17645
1.20623
1.23677
1.26807
1.30018
1.33309
1.36684
1.40144
1.43692
1.47329
1.51059
1.54883
1.58804
1.62824
1.66946
1.71172
1.75505
1.79948
1.84504
1.89175
1.93964
1.98874
2.03908
2.0907
2.14363
2.19789
2.25353
2.31058
2.36908
2.42905
2.49054
2.55359
2.61823
2.68451
2.75247
2.82215
2.8936
2.96685
1.16183
1.19125
1.2214
1.25232
1.28403
1.31653
1.34986
1.38403
1.41907
1.45499
1.49182
1.52959
1.56831
1.60801
1.64872
1.69046
1.73325
1.77713
1.82212
1.86825
1.91554
1.96403
2.01375
2.06473
2.117
2.17059
2.22554
2.28188
2.33965
2.39888
2.4596
2.52187
2.58571
2.65117
2.71828
2.7871
2.85765
2.92999
3.00417
1.17645
1.20623
1.23677
1.26807
1.30018
1.33309
1.36684
1.40144
1.43692
1.47329
1.51059
1.54883
1.58804
1.62824
1.66946
1.71172
1.75505
1.79948
1.84504
1.89175
1.93964
1.98874
2.03908
2.0907
2.14363
2.19789
2.25353
2.31058
2.36908
2.42905
2.49054
2.55359
2.61823
2.68451
2.75247
2.82215
2.8936
2.96685
3.04195
1.19125
1.2214
1.25232
1.28403
1.31653
1.34986
1.38403
1.41907
1.45499
1.49182
1.52959
1.56831
1.60801
1.64872
1.69046
1.73325
1.77713
1.82212
1.86825
1.91554
1.96403
2.01375
2.06473
2.117
2.17059
2.22554
2.28188
2.33965
2.39888
2.4596
2.52187
2.58571
2.65117
2.71828
2.7871
2.85765
2.92999
3.00417
3.08022
1.20623
1.23677
1.26807
1.30018
1.33309
1.36684
1.40144
1.43692
1.47329
1.51059
1.54883
1.58804
1.62824
1.66946
1.71172
1.75505
1.79948
1.84504
1.89175
1.93964
1.98874
2.03908
2.0907
2.14363
2.19789
2.25353
2.31058
2.36908
2.42905
2.49054
2.55359
2.61823
2.68451
2.75247
2.82215
2.8936
2.96685
3.04195
3.11896
1.2214
1.25232
1.28403
1.31653
1.34986
1.38403
1.41907
1.45499
1.49182
1.52959
1.56831
1.60801
1.64872
1.69046
1.73325
1.77713
1.82212
1.86825
1.91554
1.96403
2.01375
2.06473
2.117
2.17059
2.22554
2.28188
2.33965
2.39888
2.4596
2.52187
2.58571
2.65117
2.71828
2.7871
2.85765
2.92999
3.00417
3.08022
3.15819
1.23677
1.26807
1.30018
1.33309
1.36684
1.40144
1.43692
1.47329
1.51059
1.54883
1.58804
1.62824
1.66946
1.71172
1.75505
1.79948
1.84504
1.89175
1.93964
1.98874
2.03908
2.0907
2.14363
2.19789
2.25353
2.31058
2.36908
2.42905
2.49054
2.55359
2.61823
2.68451
2.75247
2.82215
2.8936
2.96685
3.04195
3.11896
3.19792
1.25232
1.28403
1.31653
1.34986
1.38403
1.41907
1.45499
1.49182
1.52959
1.56831
1.60801
1.64872
1.69046
1.73325
1.77713
1.82212
1.86825
1.91554
1.96403
2.01375
2.06473
2.117
2.17059
2.22554
2.28188
2.33965
2.39888
2.4596
2.52187
2.58571
2.65117
2.71828
2.7871
2.85765
2.92999
3.00417
3.08022
3.15819
3.23814
1.26807
1.30018
1.33309
1.36684
1.40144
1.43692
1.47329
1.51059
1.54883
1.58804
1.62824
1.66946
1.71172
1.75505
1.79948
1.84504
1.89175
1.93964
1.98874
2.03908
2.0907
2.14363
2.19789
2.25353
2.31058
2.36908
2.42905
2.49054
2.55359
2.61823
2.68451
2.75247
2.82215
2.8936
2.96685
3.04195
3.11896
3.19792
3.27887
1.28403
1.31653
1.34986
1.38403
1.41907
1.45499
1.49182
1.52959
1.56831
1.60801
1.64872
1.69046
1.73325
1.77713
1.82212
1.86825
1.91554
1.96403
2.01375
2.06473
2.117
2.17059
2.22554
2.28188
2.33965
2.39888
2.4596
2.52187
2.58571
2.65117
2.71828
2.7871
2.85765
2.92999
3.00417
3.08022
3.15819
3.23814
3.32012
1.30018
1.33309
1.36684
1.40144
1.43692
1.47329
1.51059
1.54883
1.58804
1.62824
1.66946
1.71172
1.75505
1.79948
1.84504
1.89175
1.93964
1.98874
2.03908
2.0907
2.14363
2.19789
2.25353
2.31058
2.36908
2.42905
2.49054
2.55359
2.61823
2.68451
2.75247
2.82215
2.8936
2.96685
3.04195
3.11896
3.19792
3.27887
3.36188
1.31653
1.34986
1.38403
1.41907
1.45499
1.49182
1.52959
1.56831
1.60801
1.64872
1.69046
1.73325
1.77713
1.82212
1.86825
1.91554
1.96403
2.01375
2.06473
2.117
2.17059
2.22554
2.28188
2.33965
2.39888
2.4596
2.52187
2.58571
2.65117
2.71828
2.7871
2.85765
2.92999
3.00417
3.08022
3.15819
3.23814
3.32012
3.40417
1.33309
1.36684
1.40144
1.43692
1.47329
1.51059
1.54883
1.58804
1.62824
1.66946
1.71172
1.75505
1.79948
1.84504
1.89175
1.93964
1.98874
2.03908
2.0907
2.14363
2.19789
2.25353
2.31058
2.36908
2.42905
2.49054
2.55359
2.61823
2.68451
2.75247
2.82215
2.8936
2.96685
3.04195
3.11896
3.19792
3.27887
3.36188
3.44699
1.34986
1.38403
1.41907
1.45499
1.49182
1.52959
1.56831
1.60801
1.64872
1.69046
1.73325
1.77713
1.82212
1.86825
1.91554
1.96403
2.01375
2.06473
2.117
2.17059
2.22554
2.28188
2.33965
2.39888
2.4596
2.52187
2.58571
2.65117
2.71828
2.7871
2.85765
2.92999
3.00417
3.08022
3.15819
3.23814
3.32012
3.40417
3.49034
1.36684
1.40144
1.43692
1.47329
1.51059
1.54883
1.58804
1.62824
1.66946
1.71172
1.75505
1.79948
1.84504
1.89175
1.93964
1.98874
2.03908
2.0907
2.14363
2.19789
2.25353
2.31058
2.36908
2.42905
2.49054
2.55359
2.61823
2.68451
2.75247
2.82215
2.8936
2.96685
3.04195
3.11896
3.19792
3.27887
3.36188
3.44699
3.53425
1.38403
1.41907
1.45499
1.49182
1.52959
1.56831
1.60801
1.64872
1.69046
1.73325
1.77713
1.82212
1.86825
1.91554
1.96403
2.01375
2.06473
2.117
2.17059
2.22554
2.28188
2.33965
2.39888
2.4596
2.52187
2.58571
2.65117
2.71828
2.7871
2.85765
2.92999
3.00417
3.08022
3.15819
3.23814
3.32012
3.40417
3.49034
3.5787
1.40144
1.43692
1.47329
1.51059
1.54883
1.58804
1.62824
1.66946
1.71172
1.75505
1.79948
1.84504
1.89175
1.93964
1.98874
2.03908
2.0907
2.14363
2.19789
2.25353
2.31058
2.36908
2.42905
2.49054
2.55359
2.61823
2.68451
2.75247
2.82215
2.8936
2.96685
3.04195
3.11896
3.19792
3.27887
3.36188
3.44699
3.53425
3.62372
1.41907
1.45499
1.49182
1.52959
1.56831
1.60801
1.64872
1.69046
1.73325
1.77713
1.82212
1.86825
1.91554
1.96403
2.01375
2.06473
2.117
2.17059
2.22554
2.28188
2.33965
2.39888
2.4596
2.52187
2.58571
2.65117
2.71828
2.7871
2.85765
2.92999
3.00417
3.08022
3.15819
3.23814
3.32012
3.40417
3.49034
3.5787
3.6693
1.43692
1.47329
1.51059
1.54883
1.58804
1.62824
1.66946
1.71172
1.75505
1.79948
1.84504
1.89175
1.93964
1.98874
2.03908
2.0907
2.14363
2.19789
2.25353
2.31058
2.36908
2.42905
2.49054
2.55359
2.61823
2.68451
2.75247
2.82215
2.8936
2.96685
3.04195
3.11896
3.19792
3.27887
3.36188
3.44699
3.53425
3.62372
3.71545
1.45499
1.49182
1.52959
1.56831
1.60801
1.64872
1.69046
1.73325
1.77713
1.82212
1.86825
1.91554
1.96403
2.01375
2.06473
2.117
2.17059
2.22554
2.28188
2.33965
2.39888
2.4596
2.52187
2.58571
2.65117
2.71828
2.7871
2.85765
2.92999
3.00417
3.08022
3.15819
3.23814
3.32012
3.40417
3.49034
3.5787
3.6693
3.76219
1.47329
1.51059
1.54883
1.58804
1.62824
1.66946
1.71172
1.75505
1.79948
1.84504
1.89175
1.93964
1.98874
2.03908
2.0907
2.14363
2.19789
2.25353
2.31058
2.36908
2.42905
2.49054
2.55359
2.61823
2.68451
2.75247
2.82215
2.8936
2.96685
3.04195
3.11896
3.19792
3.27887
3.36188
3.44699
3.53425
3.62372
3.71545
3.80951
1.49182
1.52959
1.56831
1.60801
1.64872
1.69046
1.73325
1.77713
1.82212
1.86825
1.91554
1.96403
2.01375
2.06473
2.117
2.17059
2.22554
2.28188
2.33965
2.39888
2.4596
2.52187
2.58571
2.65117
2.71828
2.7871
2.85765
2.92999
3.00417
3.08022
3.15819
3.23814
3.32012
3.40417
3.49034
3.5787
3.6693
3.76219
3.85743
1.51059
1.54883
1.58804
1.62824
1.66946
1.71172
1.75505
1.79948
1.84504
1.89175
1.93964
1.98874
2.03908
2.0907
2.14363
2.19789
2.25353
2.31058
2.36908
2.42905
2.49054
2.55359
2.61823
2.68451
2.75247
2.82215
2.8936
2.96685
3.04195
3.11896
3.19792
3.27887
3.36188
3.44699
3.53425
3.62372
3.71545
3.80951
3.90595
1.52959
1.56831
1.60801
1.64872
1.69046
1.73325
1.77713
1.82212
1.86825
1.91554
1.96403
2.01375
2.06473
2.117
2.17059
2.22554
2.28188
2.33965
2.39888
2.4596
2.52187
2.58571
2.65117
2.71828
2.7871
2.85765
2.92999
3.00417
3.08022
3.15819
3.23814
3.32012
3.40417
3.49034
3.5787
3.6693
3.76219
3.85743
3.95508
1.54883
1.58804
1.62824
1.66946
1.71172
1.75505
1.79948
1.84504
1.89175
1.93964
1.98874
2.03908
2.0907
2.14363
2.19789
2.25353
2.31058
2.36908
2.42905
2.49054
2.55359
2.61823
2.68451
2.75247
2.82215
2.8936
2.96685
3.04195
3.11896
3.19792
3.27887
3.36188
3.44699
3.53425
3.62372
3.71545
3.80951
3.90595
4.00483
1.56831
1.60801
1.64872
1.69046
1.73325
1.77713
1.82212
1.86825
1.91554
1.96403
2.01375
2.06473
2.117
2.17059
2.22554
2.28188
2.33965
2.39888
2.4596
2.52187
2.58571
2.65117
2.71828
2.7871
2.85765
2.92999
3.00417
3.08022
3.15819
3.23814
3.32012
3.40417
3.49034
3.5787
3.6693
3.76219
3.85743
3.95508
4.0552
1.58804
1.62824
1.66946
1.71172
1.75505
1.79948
1.84504
1.89175
1.93964
1.98874
2.03908
2.0907
2.14363
2.19789
2.25353
2.31058
2.36908
2.42905
2.49054
2.55359
2.61823
2.68451
2.75247
2.82215
2.8936
2.96685
3.04195
3.11896
3.19792
3.27887
3.36188
3.44699
3.53425
3.62372
3.71545
3.80951
3.90595
4.00483
4.10621
1.60801
1.64872
1.69046
1.73325
1.77713
1.82212
1.86825
1.91554
1.96403
2.01375
2.06473
2.117
2.17059
2.22554
2.28188
2.33965
2.39888
2.4596
2.52187
2.58571
2.65117
2.71828
2.7871
2.85765
2.92999
3.00417
3.08022
3.15819
3.23814
3.32012
3.40417
3.49034
3.5787
3.6693
3.76219
3.85743
3.95508
4.0552
4.15786
1.62824
1.66946
1.71172
1.75505
1.79948
1.84504
1.89175
1.93964
1.98874
2.03908
2.0907
2.14363
2.19789
2.25353
2.31058
2.36908
2.42905
2.49054
2.55359
2.61823
2.68451
2.75247
2.82215
2.8936
2.96685
3.04195
3.11896
3.19792
3.27887
3.36188
3.44699
3.53425
3.62372
3.71545
3.80951
3.90595
4.00483
4.10621
4.21016
1.64872
1.69046
1.73325
1.77713
1.82212
1.86825
1.91554
1.96403
2.01375
2.06473
2.117
2.17059
2.22554
2.28188
2.33965
2.39888
2.4596
2.52187
2.58571
2.65117
2.71828
2.7871
2.85765
2.92999
3.00417
3.08022
3.15819
3.23814
3.32012
3.40417
3.49034
3.5787
3.6693
3.76219
3.85743
3.95508
4.0552
4.15786
4.26311
1.66946
1.71172
1.75505
1.79948
1.84504
1.89175
1.93964
1.98874
2.03908
2.0907
2.14363
2.19789
2.25353
2.31058
2.36908
2.42905
2.49054
2.55359
2.61823
2.68451
2.75247
2.82215
2.8936
2.96685
3.04195
3.11896
3.19792
3.27887
3.36188
3.44699
3.53425
3.62372
3.71545
3.80951
3.90595
4.00483
4.10621
4.21016
4.31674
